-1.248733141436241567134857177734375e+01	9.9999999999900003104943236645150243597583572515681994243668175e-01	2.8651089662368102306827988978696643736505049627666349092670125e-17
-1.27354127797298133373260498046875e+01	9.999999999990000187704937805524908685044759111748219770163476e-01	3.9220677043310548305236883042649977823435806640444715244681638e-17
-9.828206283928051956166882519028149545192718505859375	9.9999999999900002687972144639941256329492548955867654179564509e-01	3.8895736236211280546148334486358424911065999976841115710381861e-12
-9.258181348075563421584632806116132996976375579833984375	9.9999999999900002551627554033524344710752187470391015696652059e-01	5.6171925388010479636636355395053030306110718654656297347440864e-11
-8.929305505982963520050788019943865947425365447998046875	9.9999999999900007853141890353739887877863216801071095053168061e-01	2.0963541751156025655424154775882124588355511906228582245375307e-10
-8.5215569269286197372215152512353597558103501796722412109375	9.9999999999900002660083630687218469607378119816384476072258523e-01	1.4098065193636087871737868497031545095777721121792987792832433e-09
-8.3129449935241662428264675099853775463998317718505859375	9.9999999999900025965859895448416685861168557231214379310984891e-01	3.1835304451683021694454113413733257816332733178501276567308168e-09
-7.984056057518625119928667999147364753298461437225341796875	9.9999999999900010294105003220061481566670431798934978507524908e-01	1.5272927644266798504798057541167029767406372768273618670720897e-08
-7.80576698461662202808974964085564351989887654781341552734375	9.9999999999900003053070111473317582545035838104450288639537605e-01	3.0855443365728982418212571793925659747305917837185005114481595e-08
0.0	0.0	0.0
