5.2223296786709348850698164119844367443193863874004497304426994e-01
4.8350068941695068696906558776682661025894478142413428849405987e-01
4.4563879924658637612917373097936659909746700904473695953996003e-01
4.0864729735600055598730607083606364094750532160185298618198005e-01
3.7252618374519342464010986499896189272399409791393529565801999e-01
3.3727545841416458106266505527416273830314546173712815009886015e-01
3.0289512136291422818324444219352063689381291049683436013580991e-01
2.693851725914423660018480257570355884959964441930539257688699e-01
2.3674561209974899451847580596470759310969606282578684699805006e-01
2.0497643988783428767164732612955611708987085757862049122717007e-01
1.7407765595569789275269795675573192543268352747743024025517006e-01
1.4404926030333998853177278402606478678701228231275334487927996e-01
1.1489125293076057500887180794055470115285712208458980509950997e-01
8.6603633837959652183995028499201668530218046792939620915848017e-02
5.9186403024937220057142445702005688919095056437802792328303019e-02
3.2639560491693278628314059548966762319488151019179319336871005e-02
6.963106238227827897509870040084888731397330537069201941552798e-03
-1.7842959735459132135270122824639931845177405008527559857650995e-02
-4.1778637429367471016136261560454132790928726496688692064627986e-02
-6.4843926843497454484493404006675149638390410776208626065011987e-02
-8.7038827977848947254826349808739113474336010119215204469281993e-02
-1.0836334083242183336812207009129654365159524582575194632859003e-01
-1.2881746540721634957403216547485670375842779390268169693403998e-01
-1.4840120170223237508191806421425981085374425704309809194338001e-01
-1.6711454971746990989177976630950586493754463524700113135660002e-01
-1.8495750945292895400361727176059486600982892851439081517370996e-01
-2.0193008090860950741743058056752681407059713684526714339470003e-01
-2.1803226408451157013321969273030170911984926023963011601958004e-01
-2.3326405898063514215098460824891955115758529869747973304834998e-01
-2.4762546559698014616471664120648645697836761697457472354647006e-01
-2.6111648393354674161805870630660049528699060416634751277640991e-01
-2.7373711399033484637337657476255748058409750642160694641024015e-01
-2.8548735576734446043067024657435741286968832374035302444795986e-01
-2.9636720926457558378993972174200029214376305612258574688956997e-01
-3.0637667448202821645118500026548611840632170356830511373504994e-01
-3.1551575141970235841440608214481489165736426607751112498442995e-01
-3.2378444007759796619497308155173802383926663325472783632406009e-01
-3.3118274045571513159377131301256299336119614449785701977461997e-01
-3.3771065255405380629454534782923090987160957080447284762905998e-01
-3.4336817637261399029729518600174177337050691217457531988738012e-01
-3.481553119113956836020208275300955838578881686081644365496e-01
-3.5207205917039888620872227241429234133375334010524019761570001e-01
-3.5511841814962358362252289204491845059437272251214210199955012e-01
-3.5729438884906980966480148651061140434112484274314103526682999e-01
-3.5859997126873754500905588433214730507636087803762661293798999e-01
-3.5903516540862678965528608550952615280008082839559883501304008e-01
-3.5859997126873754360349209004274794751228469381705770149197994e-01
-3.5729438884906980685367389793181268921297247430200321237479994e-01
-3.5511841814962359390070813778614177555230887193859030980287002e-01
-3.5207205917039888058646709525670271352388360115745899288686988e-01
-3.4815531191139567657420185608310659848394224543981432037476014e-01
-3.4336817637261398186391242026535343043248480478565629226653986e-01
-3.3771065255405379645559878780344320936951127919498490856220003e-01
-3.3118274045571512034926095869737593529502166866780016926174002e-01
-3.2378444007759795354489893294715160820901597320410207436517009e-01
-3.1551575141970229604251271055277022811149419280389062387248994e-01
-3.0637667448202814784210229151423179500245632746716581778369988e-01
-2.9636720926457550894366767583153630888190237719392765609878995e-01
-2.854873557673445049694729781196521481996832020998321195697801e-01
-2.7373711399033489433824105488826316064393531916746701347945999e-01
-2.6111648393354679300898493501271712007667135129858855179302001e-01
-2.4762546559698020098170461849301402649789129849319673451046996e-01
-2.3326405898063511825640010532915387990759516075129156163181e-01
-2.1803226408451154483307139552113668030578293807287303315703001e-01
-2.0193008090860948071171848906896242769245463045794114908613996e-01
-1.8495750945292892589234138597263112206761023790649590941914e-01
-1.6711454971746988037494008623214276343124976041853731415602001e-01
-1.4840120170223234415951458984749735178337319799406536329677999e-01
-1.2881746540721631724606489681869488712398055063308005684143007e-01
-1.0836334083242179963459100714573536945307181833558139478997e-01
-8.7038827977848791325092920828618798770647001101569377142395034e-02
-6.4843926843497543562098867097274129529972821227861524347515027e-02
-4.1778637429367563519803473231464057412354071334722562294528016e-02
-1.7842959735459092779483882721496932283219236505070244645425998e-02
6.9631062382278686588599044326272458574316832610954285997898021e-03
3.2639560491693320795227888230908477009598687963774457441119987e-02
5.9186403024937263629620068673346761173281777602966841878563992e-02
8.6603633837959697162036445759942098348480952178672581912121994e-02
1.1489125293076062139247701949069448853519621169089167754179002e-01
1.4404926030334003632094178986560393173342755613962412876757995e-01
1.7407765595569794194743075688467042794317498552486993558947993e-01
2.0497643988783433827194392054789397716443849984662909800749995e-01
2.3674561209974922529448128085527457939721809910490161602163003e-01
2.6938517259144260301504283780681223464151378329968748963186987e-01
3.0289512136291409456683624755761741244064296795300765869262003e-01
3.3727545841416444402019511205784856912013258480692047670827005e-01
3.7252618374519328417157817320223677881113828659734665032003994e-01
4.0864729735600061502098543099078204151366007332428617952792005e-01
4.4563879924658643656841688542348435722769794498773906433192004e-01
4.8350068941695074881387253650034372595325190158770530473202993e-01
5.2223296786709355175735238422136014769032194312418490072825969e-01
-1.7628381236532550003098759394935366840955226607565032593565992e-17
5.9876860716969235361814307204334666932638693219943879344374003e-02
1.0274930457863626347529835230539023163513106218377966028799e-01
1.3185748388718029472523358239630529158659971834561244752505007e-01
1.4985421094084478244862214348926103739617262806894865803775005e-01
1.5891142470612200655909316792865476337951558672847191768140996e-01
1.608073583546727818694927190910765421862693566665633354312e-01
1.5699790600430581237579411191915073420250188914098575177329997e-01
1.4867505286191619739909872780429014890564653630463932680603001e-01
1.3681471377518214081569784271546552655685560418208893951468002e-01
1.2221590012207143728714185979260631715431289414019310692838999e-01
1.0553278694295896084938113492793686247105905377016282163038996e-01
8.7300967281961016521023387963436295237315482680721743544745018e-02
6.7958947416390514778529841716845006910624095828910348514419005e-02
4.7865745653365509342784024177641856423513070641917227911397995e-02
2.7315300995072621809588951858779290305929638983225029256873994e-02
6.5482699430146295434495220005291404520035037513180853085799007e-03
-1.4238315111581938320158763428592817608182227138506458205813002e-02
-3.4883138286079117100702872455555037059799807735907146448128003e-02
-5.5254126033639225667439887116552301655796390756625441100929015e-02
-7.5243146568047895889687555733316188359799243590643942037231973e-02
-9.4761670155457194737603457009427831419606273234084662332319963e-02
-1.1373721610531764763960832360071380369061848713746648893223998e-01
-1.3211044386576886274565229529823616909832684557832409373000999e-01
-1.4983277147893500470213681779337542861096995169819770571462006e-01
-1.6686442581637230366879191762331043675792571803965042408910999e-01
-1.8317284634377168082820680681209153640297996575388831192233996e-01
-1.9873137835238913474502506557154929583890275962463600284158998e-01
-2.1351820321199281432224526291915072777435639870359343486167003e-01
-2.2751546271262133224684317360415237079110365078265084600494993e-01
-2.4070854235191389582924615439077027233388140567906552672489993e-01
-2.5308548480381509757341341547779785998955501334201334233218989e-01
-2.6463651002909561073256241509556077104368191469789576184879015e-01
-2.7535362276803778965227354268314320872347905200522940833600009e-01
-2.8523029166258993969651801296703860286652101174381272589429013e-01
-2.9426118713003454916797205376025753230153070975658509729393006e-01
-3.0244196746812035834684618019494411605731628788971443961968996e-01
-3.0976910460730644450904815065795167564267448381342449987098987e-01
-3.1623974251694337617384105131348968771496377478541120356051995e-01
-3.2185158258273523595160356098021711380740336275196929425403e-01
-3.2660279135527689539136043070360759109021586629024915633368997e-01
-3.3049192696729170967542859967450153178596680540571267765894009e-01
-3.3351788126643495207137578105969404498466463530978092693572003e-01
-3.3567983534124929623323815893432883080317368244240510283409e-01
-3.3697722665537253840374498780032705837180007139649367874485999e-01
-3.3740972647097825579877088627572253920887778489017072064658004e-01
-3.3697722665537253626883075143306487087658715221943718083264009e-01
-3.3567983534124929196420355055852112039185148922572782439248005e-01
-3.3351788126643496006981266825627461676793785122168660116864002e-01
-3.3049192696729170114390273985391383751601954960190910853360999e-01
-3.2660279135527699999999999999999999999999999999999999999999999e-01
-3.2185158258273522317173413450923549878434781066254983344428998e-01
-3.1623974251694336127806852034716731104904025158591849478136992e-01
-3.0976910460730642750488114291896542418141228189399586490109005e-01
-3.024419674681203392436515188344104356821600700395729351418901e-01
-2.9426118713003448020174222301633922623291078932603783045224002e-01
-2.8523029166258986394929907668585217810937440329306852885529004e-01
-2.753536227680377071683048741040522767355032507468304082999199e-01
-2.6463651002909564519242981366747475020707310583358723578770987e-01
-2.5308548480381513463412326568962334022686169512892956129452994e-01
-2.4070854235191393547409006317390720325367069709595948010049998e-01
-2.2751546271262137445538849200370890045259981106219161655373998e-01
-2.1351820321199277916272995291131643149910204771668063127828995e-01
-1.9873137835238909775700281331363647774422551225722864022366005e-01
-1.8317284634377164208377684498224100539451468521548021919514999e-01
-1.6686442581637226325603813920523361295680575646095572583686003e-01
-1.4983277147893496272866289198531628295870579424578298624854002e-01
-1.3211044386576881934290018058000531259060948865452139878241007e-01
-1.1373721610531760296813349505150264410297649436340664664305003e-01
-9.4761670155457148993518561271246097171692449857037430812485033e-02
-7.5243146568047739583180741584226887745765168939021456129213002e-02
-5.5254126033639290661574242592792664494638590845523271247107017e-02
-3.4883138286079183751916143718943535953202152008604300936313991e-02
-1.4238315111581891272765005551643102973129908278001337385622001e-02
6.5482699430146758043371534709026328119707563893656378623069006e-03
2.7315300995072666632793713729952316048706263629500579116152999e-02
4.7865745653365551932954442796580008792330484326781489559392e-02
6.7958947416390554164219465663969093641247628919144582014165989e-02
8.7300967281961051515703230977312005276323254429396750832872027e-02
1.0553278694295899000382010150075867191981576687415600758013001e-01
1.2221590012207145883124401271195598367708847355001465727064997e-01
1.3681471377518215258746223787559072240679493882278129943011998e-01
1.4867505286191625359199655731080395369560611275617353027059008e-01
1.5699790600430583076499230559063445328444767929674727252811008e-01
1.6080735835467273948591577485236994999813739910404009959944997e-01
1.5891142470612197522926281371687989994669076895063192305325999e-01
1.4985421094084476521254744736843784342598779033690314389456004e-01
1.3185748388718016676774485449253899642806727643362494493362999e-01
1.0274930457863608930603324964411060923455547460746086867548996e-01
5.9876860716969004272303510619802692841149152687494817752597016e-02
-3.1871749183529795413414618903591984302417780854418587252443001e-16
0.0
