-3.3888888888888888888888888888888888888888888888888888888888888888888891
-3.2777777777777777777777777777777777777777777777777777777777777777777783
-3.1666666666666666666666666666666666666666666666666666666666666666666674
-3.0555555555555555555555555555555555555555555555555555555555555555555566
-2.9444444444444444444444444444444444444444444444444444444444444444444434
-2.8333333333333333333333333333333333333333333333333333333333333333333349
-2.7222222222222222222222222222222222222222222222222222222222222222222217
-2.6111111111111111111111111111111111111111111111111111111111111111111109
-2.5
-2.3888888888888888888888888888888888888888888888888888888888888888888891
-2.2777777777777777777777777777777777777777777777777777777777777777777783
-2.1666666666666666666666666666666666666666666666666666666666666666666651
-2.0555555555555555555555555555555555555555555555555555555555555555555566
-1.9444444444444444444444444444444444444444444444444444444444444444444446
-1.8333333333333333333333333333333333333333333333333333333333333333333326
-1.7222222222222222222222222222222222222222222222222222222222222222222217
-1.6111111111111111111111111111111111111111111111111111111111111111111109
-1.5
-1.3888888888888888888888888888888888888888888888888888888888888888888891
-1.2777777777777777777777777777777777777777777777777777777777777777777783
-1.1666666666666666666666666666666666666666666666666666666666666666666674
-1.0555555555555555555555555555555555555555555555555555555555555555555543
-9.4444444444444444444444444444444444444444444444444444444444444444444341e-01
-8.3333333333333333333333333333333333333333333333333333333333333333333256e-01
-7.2222222222222222222222222222222222222222222222222222222222222222222171e-01
-6.1111111111111111111111111111111111111111111111111111111111111111111085e-01
-5.0e-01
-3.8888888888888888888888888888888888888888888888888888888888888888888915e-01
-2.7777777777777777777777777777777777777777777777777777777777777777777597e-01
-1.6666666666666666666666666666666666666666666666666666666666666666666512e-01
-5.5555555555555555555555555555555555555555555555555555555555555555554268e-02
5.5555555555555555555555555555555555555555555555555555555555555555556586e-02
1.6666666666666666666666666666666666666666666666666666666666666666666744e-01
2.7777777777777777777777777777777777777777777777777777777777777777777829e-01
3.8888888888888888888888888888888888888888888888888888888888888888888915e-01
5.0e-01
6.1111111111111111111111111111111111111111111111111111111111111111111085e-01
7.2222222222222222222222222222222222222222222222222222222222222222222403e-01
8.3333333333333333333333333333333333333333333333333333333333333333333256e-01
9.4444444444444444444444444444444444444444444444444444444444444444444573e-01
1.0555555555555555555555555555555555555555555555555555555555555555555543
1.1666666666666666666666666666666666666666666666666666666666666666666674
1.2777777777777777777777777777777777777777777777777777777777777777777806
1.3888888888888888888888888888888888888888888888888888888888888888888891
1.5000000000000000000000000000000000000000000000000000000000000000000023
1.6111111111111111111111111111111111111111111111111111111111111111111109
1.722222222222222222222222222222222222222222222222222222222222222222224
1.8333333333333333333333333333333333333333333333333333333333333333333326
1.9444444444444444444444444444444444444444444444444444444444444444444457
2.0555555555555555555555555555555555555555555555555555555555555555555589
2.1666666666666666666666666666666666666666666666666666666666666666666674
2.2777777777777777777777777777777777777777777777777777777777777777777806
2.3888888888888888888888888888888888888888888888888888888888888888888891
2.5000000000000000000000000000000000000000000000000000000000000000000023
2.6111111111111111111111111111111111111111111111111111111111111111111109
2.722222222222222222222222222222222222222222222222222222222222222222224
2.8333333333333333333333333333333333333333333333333333333333333333333372
2.9444444444444444444444444444444444444444444444444444444444444444444457
3.0555555555555555555555555555555555555555555555555555555555555555555589
3.1666666666666666666666666666666666666666666666666666666666666666666674
3.2777777777777777777777777777777777777777777777777777777777777777777806
3.3888888888888888888888888888888888888888888888888888888888888888888891
