-1.8393348570568268936459836487174239222122278608140263175900321550956046e-45
-1.6655118416438775114060797397999280486073397525808744417801747821658886e+06
-3.4714716251891455134128925452255859525589166958740691821383866041696063e-45
-1.3478031628971797042808882281211740811233232401258395959795141727264139e+06
-2.9157549118470181148836265371659006531593191757210664298635513384868304e-45
-8.8816439539619167209485745162907490695885427416693457409155034562233758e+05
-2.1761951514253959482407523986698458169243966755839367258536433020936666e-45
-4.8367542923721794469519933957818958913893991008433500039257608863339945e+05
-1.4392542559575214064951630912193346823217495681591781058063211743662788e-45
-2.2309408595841371362943128085958292654247703979726587188776541740124505e+05
-8.3999027735378325303164866302088767113497492272706363524752947869705932e-46
-8.9615809363095661823322023067601388221511307417071708907745804035981293e+04
-4.3015479962280180533489192020040393546390693077320657399946807119045735e-46
-3.1825326576019523765175702408983529247626930152042041904684856022231532e+04
-1.9180151880216015705956145276375543406725779420147443564701645423876236e-46
-9.938155529187522430961987181255587020798176836356600930167058216420133e+03
-7.3707154915181610527885132111682485965871843804076624025711447338147753e-47
-2.6896350776952893604582798985529513913082113884823635116794989061476858e+03
-2.4079047479718287151383078336624257066200100644340792160879859060592044e-47
-6.1779767020354847921577592983366549371974294237351547262318416162200884e+02
-6.5631117184693226598989111695246932999785829955515250866909070816522436e-48
-1.1702556898907369313319008330113030605487459457911388534411695220960662e+02
-1.4536552893295738173700277160984470845507334904339297097471729890995442e-48
-1.754182493921243572577505682331330502420077319322242952447712086639729e+01
-2.515932166378316414019983728953849772786636524346019389011013994327472e-49
-1.9503088680303910254629215027774761598425971620554503638611331523424205
-3.1951597567659366542297572307618143046867790353838576942743160035338979e-50
-1.4296003978977325678150728913143748122544801497413715074404270302869665e-01
-2.6507005281664321962851678358589340015693746333233809268693344931205795e-51
-5.1826892940861105745922276474368128712707880625252294301641658098988597e-03
-1.078978847678329736489235864511989440170856844534322553602315705929107e-52
