3.4773807662694575491235018077009120437820919800854290647997241177352325e-69
1.454288058643071335120428804079490231616474291363712490622064050630839e-22
3.5924180954750458960248581654145483026766118847228260699547230338072432e-22
1.7122402072663729902971896732498037738272805960151528065403255974848192e-20
2.9453631407436969383431070867587209582494988136945166020433740233256529e-20
1.2596169318338894778477606603433433097765738555415853559103674696235455e-18
2.1898252005420419107947316531847601125466035202485733488474912780829625e-18
1.0310844923310049484937456001174124522578317221774346452631198858701954e-16
2.2331752745581231046766802798872098421014115090259189370678057836866047e-16
5.3712083291358863734961613416717922867139512636886077076483862885128184e-15
