3.7671624967919123448837936250093213807639329784258814868663677942131685e-69
1.3993893368947258254244781903600538100208786698459843100751705641700718e-22
3.4791661860989718857583689590134015738836983251369483930214051701134425e-22
1.6613533108589881447181592641302452998420078991286598826206543624925846e-20
2.84076835137642332564833913097384730299291546358426448864247936124223e-20
1.1930771740414038237455392841020127777725664048258781937419468915712118e-18
1.9988291959891528332530755461729530891074999067903911402098181622993092e-18
8.7919547307062221575803668597375695085220208427575500986587603184782278e-17
1.6784867700407857593179934690881451337924926180600171942301884493794315e-16
9.249306807095831746821753971880030140306973633081986226779463005206232e-15
