0.0	0.0	0.0	0.0
8.2597515214529085625773333130103448180947853786999595845891477558454034e-04	4.4543598477026221689739539409807088284374770420371812765362008122534882e-01	9.048850389460591578810584837400062347766861373864342511995220633349897e+09	1.0
1.3083648285986593464379731690024630763810050947429896107895523457474303e-03	4.4516207529835554723722145345788648155263479493008136619805023211455888e-01	9.0442613757084983879588458576119369302328586073021084522991193083868705e+09	2.0
2.0718186425189116017164536123116108935514524675441042296464888025369207e-03	4.4472866362903724393580897614854525791795502811436381619742028707108755e-01	9.0369977902148918739007003446200949552298764964986911739308937053737869e+09	3.0
3.2791004400609645150572093385975149962084861541764559181241331092404043e-03	4.4404351896268460930332352933632372612306226825155742178128173187922309e-01	9.02550961216083241441228964626193729874284271149847556536429866118994e+09	4.0
5.1857338746084161893983205782051286119499325462123907639893341476014785e-03	4.4296205216000414088462054310329955063730954650476436861558576477218956e-01	9.0073616881564178464323831575022897942359032758410676498830308039788347e+09	5.0
8.1906353025402706903482944465888081689368027894252747912144103312384944e-03	4.4125904023681303924525584133509366965550354661834296386716425484374365e-01	8.9787479356161052300144847936827333357015521972022992976499422699838943e+09	6.0
1.2911080831052790463122290245335823867996322601891153997199874311538944e-02	4.3858721645169894486762214033660702079887294863480062007515593921627543e-01	8.9337680757572707577819713401204102742033392909359706884059675382751826e+09	7.0
2.0288815678840151997406473601149522647177391984090832614342774505734595e-02	4.3441977111658606835413563338863630422796850093078575409006600521389827e-01	8.8633940194448177177372469424267972276910127651285595273209837573193845e+09	8.0
3.1728426779706415018362733357363124771655337989418910732153648099984364e-02	4.2797807602423240154455441232549495276814500939808820375096797457085875e-01	8.7540975087941569050772948664200570585607675729226337965571607651009833e+09	9.0
4.9249566564039495862070416284402005976076873477577975719651439400391968e-02	4.1815880876554033329988856284563146958117796478592275651334915045231518e-01	8.5862789795118289916033608210126207256371782495864170038656920407264992e+09	1.0e+01
7.5586976251318215911333284736780548747415167776121074772206527898292735e-02	4.0350360604799106944179008320050774878797269738785913294219124828721919e-01	8.3330682733518574923490381659052740240334288784398338077951350365948342e+09	1.1e+01
1.1408331592904561182979669328045655695300240780412422004188313962678627e-01	3.8230318427310448961974330424935974655081225684095323089358583677015046e-01	7.960915313901820785951412967203780613732068095222573411146133059928248e+09	1.2e+01
1.6811214603672233113000393703617371568072713004721447946371320818966367e-01	3.5297352782218781258392044092667299522744214968438020393841871941182194e-01	7.4345329927128132706992692819245223298173228698417353563626160399957982e+09	1.3e+01
2.39778028170394551209221368627662923599272318829884038793282310559072e-01	3.1501829157121769225396947478496495870402193977534404092571648582266773e-01	6.7290488559979675087541950035448295174516881544748989036766781657536775e+09	1.4e+01
3.2804830222729906326552615354805627638266366690776305163383157044190412e-01	2.7325588926212260950935380057395830629059558983416057966309906415734485e-01	5.8488825600914949117794780724542148966063961702415130251398710351769806e+09	1.5e+01
4.273694270789547977206546381582052823107917630203323174204820245716752e-01	2.2568868989215664698536744478976723507186725700704424364612764021082092e-01	4.844014956970884207236316280968418529680081035401773584690188227057628e+09	1.6e+01
5.283713647088165732569777225379699715535936498445211736632041345103674e-01	1.7679955794637294642451448813658436957117515237722798084428100189507378e-01	3.8067925967400537599334405988924393927942664558629649010580887433428775e+09	1.7e+01
6.2104434283336573677233405765447992186307270227179435609820258113589793e-01	1.3156467865345263696525172165842855844015575896580907805017888058041737e-01	2.8418761302571308880600163513334972943791947316172743536637729313762621e+09	1.8e+01
6.9838174587272087650741836401929042482616560047249224381845569399758629e-01	9.3584969305866305455502794739003925813360962746051745877436862728530463e-02	2.0272167131849772158100673098765762323175391453861959122156795971530291e+09	1.9e+01
7.5796907206204644347707411438162048750442518463847878419005060013760121e-01	6.419998364531076255858218332272127367249665024735667651013182529549302e-02	1.393833825588910674249214605630426693718277249466526839608274458611269e+09	2.0e+01
8.0111457179853489351029339174870159393119705661845690282071977829541975e-01	4.2864568619413941046461640332606720728056046964686301765079382840539171e-02	9.3218421179153613211677065896521311917056640576930307793687186006250358e+08	2.1e+01
8.3096822370535873918002269374602184849883960092253285620948282297759758e-01	2.8075730129989082922806380331007598536982261448461404101364200539045104e-02	6.1128516796176919535482698275030750669698347083716955531162383902884321e+08	2.2e+01
8.5098118630396913039093254337952493751152768954144147856150395552316249e-01	1.8150510091951054506803789177667703284483460601793605100040712556695286e-02	3.9549835009419814012848393732483981649777139430875801517312952998960884e+08	2.3e+01
8.6411397768755263728691076832850209181004362227289133877002780638292746e-01	1.1632753449772484171478084754195809599676225162121928730792754900948738e-02	2.536075401133463347055360375497020826907421953302471721605236813406372e+08	2.4e+01
8.7261158492621426526244211751999501490718671610771025527720490699726085e-01	7.4135020945874546608907858437217744912306119431834093005095994304065436e-03	1.6167551159809335044509258150712772987758549874225352328254516739154591e+08	2.5e+01
8.7806005725625168832699644638916317886611029822445828884229995806944223e-01	4.7074360412885384362245332136423621205335617820599318268790565469068539e-03	1.0268083763949984998130642146839781923191533467354398070075499084513669e+08	2.6e+01
8.8153308563355512868178169590700660977073912926159596826199225940747398e-01	2.982190766451906937094239565303783111302690148400372454958260779216034e-03	6.5055441505132066888363941884667455147839565691770908583059171136726866e+07	2.7e+01
8.8373864170945162804327027792216657774156865465767658214573441995134894e-01	1.8864434734278629522490629480136265763120435001582947838999483265381023e-03	4.1153125751292601333086413536974559451901588152919426794758814303002366e+07	2.8e+01
8.8513596183264315079680395162891827638396731906148162541138987953462491e-01	1.1921874792761275912770640165862464004007917445604006587581337186532529e-03	2.6006625367459592074881120797762578344265273978434091313442814210896855e+07	2.9e+01
8.8601989538826480812398281801063890451074411571119922237205177399789313e-01	7.5298662649074165028640595813104175034261626366671556686471462221545108e-04	1.6423750697269788382406514453213750501235627648254068876244103875807596e+07	3.0e+01
8.8657853203861371872578520668263624748176402615107997632798425257831976e-01	4.7540833931933917170360078067371529457338862368055923264095187607130566e-04	1.0366948212879245285992092236971306402885743376000145604781157913343547e+07	3.1e+01
8.8693137186309874705795000238487867898885052906576693933008093932022863e-01	3.0008426304219445099058582775163232310914801328922596541373805632916996e-04	6.541208140179770894360627647286196599983426043091075333838939747781267e+06	3.2e+01
8.8715414381038206510374529055429490973902614786536252250176772006634366e-01	1.8938889589953837005494396298144409471667457327078792409862474754253465e-04	4.1256725578554618602887656373445434578423705675763371043785109950819306e+06	3.3e+01
8.8729476120646175499051399047606891678891318080732501609522882739409612e-01	1.1951561454436309617926000056858239694789473589674054148869810739816946e-04	2.60091250278968580942224010937904018115230151106269592289495323716972e+06	3.4e+01
8.8738350780759707793783092261565699817462553845277514343550766381439329e-01	7.5416913224126817672518935889801352533934867354090926106122866397166829e-05	1.6385910006866247536783194695726002646549701043388239007392026988156716e+06	3.5e+01
8.8743951229569721929471815561411273264550407798426339860356617025467451e-01	4.7587877763426301804647145859542012646607280540017112063571519630443348e-05	1.0313024647672530575695785232818412384263254153482626150177005128624973e+06	3.6e+01
8.8747485238950571062776986123248676091985087920213330119285451721782833e-01	3.0027097453350968446374853649648603136516940043347339350643748340209476e-05	6.4808760555517779930227705347278741717575414898783632512784574542850377e+05	3.7e+01
8.8749715193481304411978042212844282582045244512275073753897001916151496e-01	1.8946259142249827956385237239602103614673697903935243607350571869174856e-05	4.0627877340927034407251950191321308287616830377312548844397580589357072e+05	3.8e+01
8.8751122257542467693524533346211606104538032419799898223428115487246457e-01	1.1954430194294575792513446738557182537846330349582346140428972801117223e-05	2.537011047852413778499243460981034841163405464400010976431063473397189e+05	3.9e+01
8.8752010077986508790064697520707007248551020863984734516519676634059643e-01	7.5427678630963587879516067521507216245275894223768679231538674458729747e-06	1.5742847252522501917996017830141058898138747782733756209124334221101608e+05	4.0e+01
8.8752570263989139780301595559787584744652992886675902598305930488378133e-01	4.7591507308195070246445890747939987189211728615810032280140096747083885e-06	9.6683500418914206491293005922018520672875059558448221246125581651541779e+04	4.1e+01
8.8752923721113640124700629999000789477960532634740819652300607168674471e-01	3.002788591188012528440211332516576039164513403237416481073711329167546e-06	5.8355597018659020940083818428108415552906498761328515122702045687498804e+04	4.2e+01
8.8753146738936154972741325617414991000083934183264852917285652301740332e-01	1.8945916481576696188987194089729466375575735395785761236199001080834747e-06	3.4172158813207743347343659138201529059638029128438346628614821776804092e+04	4.3e+01
8.8753287454248014510043730693656417700269593597102045172343633884242835e-01	1.19536372112813957334935230319276128995952048375096193736822693087233e-06	1.8913374753837258196370301724167262971474183938902649931695521127310333e+04	4.4e+01
8.8753376239837936255638562043266027113746583959452479732979746335086507e-01	7.5417955995930124090274901001210021776542862010275147520840041731352568e-07	1.0116490466336966077225951221059188063099523577884646846157262906561714e+04	4.5e+01
8.875343225984971479275393537330930207812505142356642341920027940073382e-01	4.7581070934783925065732716880490572602889445414943730479193405585940809e-07	4.7647413051893500799941955094041043704875004731999965005692506831166331e+03	4.6e+01
8.8753467606124104128622998164254156577448519724004291195608971231690679e-01	3.0017165391618393256313351241894031333389172803991776381878178311781216e-07	1.9324285857925774300120099011626080372031954138633698244130526568687436e+03	4.7e+01
8.8753489908130068905606303080791928841967202417792743049819756599126679e-01	1.8935082839792164578832924862919621332731377263866859588694104836816393e-07	6.0087009388373192183916543737236842904755666886368054201685626488906869e+02	4.8e+01
8.8753503979750317033277950600359829415392935714923151983659914645889324e-01	1.1942758534850732698175926806672154276884433715261865495443116904594726e-07	1.3359253091611910065222505865984189718188680359461889265359722688457801e+02	4.9e+01
8.8753512858344765575319485206813276160781626481201874875510900643034136e-01	7.5308989945074317925314159595959776552884427260766642080192791539273117e-08	1.6809433658488149888418745320928611964881821731303552919671405122771761e+01	5.0e+01
8.8753518460360058882612299392342856816990205627789953360124985325200297e-01	4.7472033508568534590679528847850181041204310703222784396012750420722318e-08	1.2901977975058883331655573149929196281858248784835754772618359262514014	5.1e+01
8.8753521994993117284370116597164126510744860912352181606585672016764813e-01	2.9908099550335927478983070230365053577341975293316187261739051040261846e-08	3.3519385541040932024803546733321171377081331075051593715017757002830767e-01	5.2e+01
8.8753524225195950913869552501915096277895666072759499314427382786692497e-01	1.8826005686261855325451465774909874311508705949936856959380231518191345e-08	3.1631690714346283538095400249546331877516742429174102874944028719939458e-01	5.3e+01
8.8753525632358866353120247207548481252349373131057480262837103219492227e-01	1.1833676877832432103141030428091811692751595220369718096181297739646886e-08	3.1622784381839671745064212042297677456042819917812084672062371539363124e-01	5.4e+01
8.8753526520218665772195493033613974495566226828949507940649437019850149e-01	7.4218155446187597829221622634161619426705653986337536718632794057106429e-09	3.1622776601139580539007284975804774688851874641891999078330799072074514e-01	5.5e+01
8.8753527080420336257772635804942626061554478924835227230177843950812874e-01	4.6773253576923967715058875978437489002004750232338475107140411726665286e-09	3.1622776601083168615988608759655694756020117129752010826612054343508395e-01	5.6e+01
8.875352743388369829273754290382525852163202598194194146293097521606624e-01	2.9704623832231311780796070837318057887624552044644609434337305160031411e-09	3.1622776601047575098404473612932904276943651623503889375256398959562204e-01	5.7e+01
8.8753527656904004027305407277742295283868243228198122997075352546907394e-01	1.9101995134428162731014368734561872081650036857003799714478233877535476e-09	3.1622776601848887254512281851478968004285591796515428488058387589858552e-01	5.8e+01
8.8753527797620304477703595024239888410003012922539600290666311211958413e-01	1.2412188658550683853617950641814896530010589050129181514402734797741286e-09	3.1622776611285976433006615009736153358666433944843911286529433667377301e-01	5.9e+01
8.8753527886406287965772293249661663524537781995492758266450241047572824e-01	8.3470446582402043030184545182794141896113051208554960961601624330349236e-10	3.1622776617240377173596858243918688839442087689419693419490646289940056e-01	6.0e+01
8.875352794242645642716304143120026301825880091709927996847946734997097e-01	5.8192938140515286933304820338297443295796588441621882104067481141379205e-10	3.1622776620997350056178843807626212957473410295892622416492110446503244e-01	6.1e+01
8.8753527977772793195833403982088185124069337294990015960541363289270996e-01	4.2243908521710190278300351905428344956255341194319377297666049635485516e-10	3.1622776623367839687914521067190405096920719264575525007283912673401328e-01	6.2e+01
8.8753528000074824001109496575556199437135087751268409801393494545503791e-01	3.2180751136886679457605909138752858928130767749221874364428653789031452e-10	3.1622776624863517525913819947578775963240856562848220573175319209854636e-01	6.3e+01
8.8753528014146454155568138454666233889949719842357863208951214834207216e-01	2.5831328068296733342264876000234787898680031117919686204962832384744169e-10	3.1622776625807226433519632489893887531732691290105389364718874857227914e-01	6.4e+01
8.8753528023025052590963776488569032324709815000891901776070388035999901e-01	2.4718873164735889318966158484624644989222135416236948160353987349389942e-10	3.1622776626402666484724824763293343821820196382474482793952022206503905e-01	6.5e+01
8.8753528028627069579656789080152901150143056670875291013458414841322222e-01	2.5094570414138218464704272610295946538789864617537920262329847155405743e-10	3.1622776626778363734127153909031457947491497932042211887070579817752189e-01	6.6e+01
8.8753528032161703584766102156156622191776450790427853260873430555704586e-01	2.5331619314680376439686341568460406121351406683003595185573116874799382e-10	3.1622776627015412634669311884013526905655957514603753884277767752417784e-01	6.7e+01
8.8753528034391907477922691981085031927510484187886425834630165316495317e-01	2.5481186998798594777457964498221649473449854929090524017340090819465721e-10	3.1622776627164980318787530221785149835417200866702202087296402091202102e-01	6.8e+01
8.8753528035799072529871385297558935644032200385831143182376980641667557e-01	2.5575557731408055179499325079121732715301956094690842898935341843977127e-10	3.1622776627259351051396990623826510416317284108554303225722350421545088e-01	6.9e+01
8.8753528036686937486992059075322826645045868735417928990963257528250889e-01	2.5635101485809755776119869410780024839719964142739210011393278693956111e-10	3.1622776627318894805798691220447054747975576232972311256624767853761873e-01	7.0e+01
8.8753528037247152029846395825516535551102140799676820005802923550863048e-01	2.5672670813361100154881733308159946697745892313303986193944247945131928e-10	3.1622776627356464133350035599208918645355498090998239416370877339822813e-01	7.1e+01
8.8753528037600647692688707874463483972913613285076238785043720252750952e-01	2.5696375073585907304475718008375728179583615589006254207390252128037015e-10	3.1622776627380168393574842748802903345571279572835962685246691617210628e-01	7.2e+01
8.8753528037823749121190120710117459719441688944456719885515229072872447e-01	2.5711330843781275150302404217757871836579856874365270210034870106734265e-10	3.162277662739512416377021059462958955495342322983220396629784451177423e-01	7.3e+01
8.8753528037964669187537339332004503400012360666998299274119397512023517e-01	2.5720766334974257769100884596100639780450990044638549738842339393688671e-10	3.1622776627404559654963193213428069933296191173703337133852129767871686e-01	7.4e+01
8.8753528038053967005601834172065670525643347571606853259400088329807919e-01	2.5726718203005426811666197808397210805277542586507282658018065663551119e-10	3.1622776627410511522994362255993383145592762198529889674003726057307456e-01	7.5e+01
8.8753528038111272843060075044859989449641540243057106386228465291974262e-01	2.5730471161785861397494242737425530811013955557800467489247674541750427e-10	3.16227766274142644817747968418214280746210822042663026442110329041874e-01	7.6e+01
8.8753528038149848632019849042335542604186459204028893232567347320741655e-01	2.5732835289485350713139340386420616318311462044058100461928490995373675e-10	3.1622776627416628609474286157466525723616167711563809129779714822727906e-01	7.7e+01
8.875352803818026267192570226702893763201550268750621992302201195391274e-01	2.5734320884342048971511850406995265779163869783545262011581559252415121e-10	3.1622776627418114204330984415839035744190817172416216868826020938774652e-01	7.8e+01
8.8753528038214710716138963905971151149807357659058965152876761658088264e-01	2.5735248612815568836631639385411497152449288166542832816100170799157879e-10	3.1622776627419041932804504280958824722607048545701635251535804402751021e-01	7.9e+01
8.8753528038274772427223889001500038593924061254893660606805537874181102e-01	2.5735818725625494308205992335380360224020907071910365225744517585507263e-10	3.1622776627419612045614429752533177672575911617273254156706339507841303e-01	8.0e+01
8.8753528038408940111458553471655512163833330675728475957022773679018002e-01	2.5736154282004424859672424693339391478816816514324455607296770944783654e-10	3.1622776627419947601993360303999610030534942872069163598971880739612421e-01	8.1e+01
8.8753528038735415114300675617807275073866854542281127544848417086989569e-01	2.5736327712168984704573445132841807910966571969179744431941470357916065e-10	3.1622776627420121032157920148900630470037359304218919053694888193673203e-01	8.2e+01
8.8753528039548826941449712269492226830784763674548871937904001443435135e-01	2.5736376451595739556544297014523578654984001909948942418619186848360624e-10	3.1622776627420169771584675000871482351719130048236348994319450310173135e-01	8.3e+01
8.875352804158779874000187371042101668635450041269922726655417794104335e-01	2.5736311021927900987880122708373461773578385783688559146905930406595664e-10	3.1622776627420104341916836432207308045569013166830732867870868789390929e-01	8.4e+01
8.8753528046706692242555933672929469521922393812638875116517285693405429e-01	2.5736117303180310385221441822727536618994761105431024369750289825078652e-10	3.1622776627419910623169245829548627159923088012247108189340756807486809e-01	8.5e+01
8.8753528059562602493083998627782842468763208828591526618888884598270092e-01	2.5735753488702633047594241416521111426175770711108321475181742784000761e-10	3.1622776627419546808691568491921426753716662819428117794601802853830538e-01	8.6e+01
8.875352809185214936541812699222185841417954938356990466899408683019654e-01	2.5735141068147679640288282387567717966730280676872870224616814627720568e-10	3.1622776627418934388136615084615467724763269359982627759715490770062243e-01	8.7e+01
8.8753528172951253813015643635103020163512244162483019313916980842365387e-01	2.5734147898441688851439880877279871188265301154093972342694589591927603e-10	3.1622776627417941218430624295767066214475422581517648235907743125866673e-01	8.8e+01
8.8753528376631107759111613749526494242895053475660268760774443704359902e-01	2.573255972450615106355087109353356661302330697152070337869325054315271e-10	3.1622776627416353044495086507878056430729118006275654051698584882079113e-01	8.9e+01
8.8753528888126266760587016632977887778809764207111873268159183248501348e-01	2.5730034042355441347168073086015477753748458690030557724195717571563862e-10	3.162277662741382736234437679149525842321102914700080576759482318852036e-01	9.0e+01
8.8753530172445477592971738430874519473756429725748358048266307086792579e-01	2.5726026446013314007026803510910690536714667341630442672803046392160353e-10	3.1622776627409819766002249451353988848106241929967014414995060589630655e-01	9.1e+01
8.8753533396526634732375300791494706877398476073006370260807320180892719e-01	2.5719673811336707063846322885600483321022558763199918653531595329958526e-10	3.1622776627403467131325642508173508222796034714274905829762301335943883e-01	9.2e+01
8.8753541487167164812960630249732875023830490046661595262261377705130532e-01	2.5709609731413470986375590114077935057907089656917242739862265028195472e-10	3.1622776627393403051402406430702775451273486451159436712332819293476996e-01	9.3e+01
8.875356177859837015882080185570254629275720262574067386056317358594442e-01	2.5693673941041215297313943352835244230994656447201014495660532767693808e-10	3.1622776627377467261030150741641128690030795624247003484042342626176483e-01	9.4e+01
8.8753612623935602682523335382635100640552863367432920477188314624604954e-01	2.5668456946571706263704392493081826114952134614800882691320851718443962e-10	3.1622776627352250266560641708031577830277377508204481619972468656794585e-01	9.5e+01
8.8753739848336927629802619748462986924751597862028744519156068997529077e-01	2.5628591374841266396158964423046044954470296522179314944156896980179519e-10	3.1622776627312384694830201840486149760241596347722643471743006090228641e-01	9.6e+01
8.8754057470631064635420740333401960475586642544954825312857412735656971e-01	2.5565661377442047556404083480311563107548520997112647724824543521911985e-10	3.1622776627249454697430983000731268817507114500800867845661409263669883e-01	9.7e+01
8.8754847615740486029775515498223313298746116849726196434340880210989212e-01	2.546655442065188949338839800136393520265019168602599157527138107151276e-10	3.1622776627150347740640824937715583338559486595902538344747759273947322e-01	9.8e+01
8.8756802273532389869253956323761464876275656638623701884551250316621504e-01	2.5311044690825615268624388076474491346990693438681088839425056351589869e-10	3.1622776626994838010814550712951573413670042740243039731058131896585299e-01	9.9e+01
8.8761595414928177143805994279957294562414707566384883706745063851084271e-01	2.5068431343181009475459386117877419782516654735695299867684073275624117e-10	3.1622776626752224663169944919786571455072971175769000312967598611873055e-01	1.0e+02
8.8773189142500735239416579164740543116011145979449937913160307628637965e-01	2.4693299607064886395258577531289157280970476511123479667210037749004003e-10	3.1622776626377092927053821839585762868484708674222820706375483334820382e-01	1.01e+02
8.8800645409788617113425327986695843858996196006474190269152545975810241e-01	2.4121220674777507324677154809715796259579192510868944896031913535746679e-10	3.1622776625805013994766442769004340146911347652831534123929829706770549e-01	1.02e+02
8.88636074130988840325637244682416105509973287415811392815613723292808e-01	2.3266910540085111794977841712344104401939497592748071283437118606191386e-10	3.162277662495070386007404723930502704953965579519183464274478246384218e-01	1.03e+02
8.9001231776669874859936619978651001310005036111424895807585553300543134e-01	2.2030289895482837154765411707073112850622229296992204977499793684614726e-10	3.1622776623714083215471772599092597044268664243874558849579608432216771e-01	1.04e+02
8.9281972726939635136925284584966347505725322649074346617401844040187396e-01	2.0318721888295859278924610554715312894950849082350564521917878899089661e-10	3.162277662200251520828479472325179589191086428820316731588626118453253e-01	1.05e+02
8.9802753331367121464504079813671068759802301660225585917314890160751607e-01	1.8091111662783764957087564391072623337454852954907316723570986064395471e-10	3.1622776619774904982772700401414749728268174730707155624994733769934816e-01	1.06e+02
9.0657403090170343932317636890708426539189142414402374229470271402823748e-01	1.5412993093063642999196227552919950902992633518322508284585742956922992e-10	3.1622776617096786413052578443523412890115502296244916856927375343290155e-01	1.07e+02
9.1869882662979027956344696809972776533407042264070356491538347588194538e-01	1.2484000223077306596542537746915303684105124620816308994028697355905394e-10	3.1622776614167793543066242040869723084110855077357386418400139526137928e-01	1.08e+02
9.3339696030102179593016006376466234220058925315348380204441625644297792e-01	9.5943417607941849763810618883968186793072690869655343557307960703266948e-11	3.1622776611278135080783120420708247225592370072559509407107050471634638e-01	1.09e+02
9.4868234466457389575802488890709931366600646602301447086619899942804e-01	7.0192901309606422820651617329828322916699759852558613246241352592392915e-11	3.1622776608703083450949577726392347070178383684922197050840123507446692e-01	1.1e+02
9.6256726053175159644158152689533781155197768804314380323061282406862989e-01	4.9245257882098640071809943804099200490945757960381607916688723917952517e-11	3.1622776606608319108198799451508179717605471442346781143713003751302435e-01	1.11e+02
9.7387429279434214525723167114008666134187932462820999074001891376886524e-01	3.3432420625913020436897801750842959237887785599970227888551736176884061e-11	3.1622776605027035382580237488016965512279847317040972018198211316058646e-01	1.12e+02
9.8235595317550239235764377351063966126334746157823273283825667031517903e-01	2.215659408176592745011988330696099001508623202196556751471423507520496e-11	3.1622776603899452728165528189339173667891650394760808171746009138864792e-01	1.13e+02
9.8835715579557625423272756031103243960617126716453055668332583645422737e-01	1.4438586008202117060980952503899777369413334339561618726037154964642595e-11	3.1622776603127651920809147150425280587585529130193512588852473935958494e-01	1.14e+02
9.9243706723489689610991562265153198243558384850697963853975165366676263e-01	9.3027314902173147570045052698815489317850852877046713712246724434697665e-12	3.1622776602614066469010666920027635864183706286430683812570741839194764e-01	1.15e+02
9.9513809784366210878686725663665627525267534633558355503620204112572821e-01	5.9489815848407015739256888270049123572340326285960500190582811502746047e-12	3.1622776602278691478473005601719754219896042628975576018072553208592948e-01	1.16e+02
9.9689553423438685979216847084089786567911261167920641283801607067802825e-01	3.7858479347108091793168756671038723445441583712746751263865560409494647e-12	3.1622776602062378113460016362258872903905938627706586961132052141308106e-01	1.17e+02
9.9802630571537387811547050188951173498016577814003402745271353190362645e-01	2.4017465476297036235956356991105303829806093852359409775998980474481463e-12	3.1622776601923967974751905806686748907106604431550231018665385551042714e-01	1.18e+02
9.9874868288379477304770671723880350066076540460230724208281171134547083e-01	1.5206365062898426149354975311401379752291503622433008473341832425926732e-12	3.1622776601835856970617919705820735090309565190775084451802239097346008e-01	1.19e+02
9.9920806703777064894949987626385577469360771258899526509972032203611167e-01	9.6155338870187704064868655996276264320239598938805074460290945923150166e-13	3.1622776601779948658859123148392053993191827657572408592817764306428235e-01	1.2e+02
9.9949936235855594287835075958557690801950171979921088236172664451618855e-01	6.0753682977303873711354970864992025202440300751412992134168477899307194e-13	3.1622776601744547002966239318038540308060543418454609027599152863203162e-01	1.21e+02
