0.0	0.0	0.0	0.0
2.6959766474228180302847849747681156415960482853961591344576883715688579e-04	3.8940798062603755373900191974418602534815378212875460958545438626347538e-01	1.0200625227824198463609327423022398336299905281533643049956894371782208e+11	1.0
4.2719373991882882279429338031888043009445522419234634577548089579164352e-04	3.8932908293389319318221423168271921203791909170675740675301447566561928e-01	1.0203316950167868812506118209558661301709467061019135332956171476575127e+11	2.0
6.7683110139696768662575010184182790012794578315674988853514153325577215e-04	3.8920409826944106482883691826499001212384629042085820298090347843852403e-01	1.0207581591033413342781921267998967747738707728251125039032760220794264e+11	3.0
1.0721394600854039967794038285727120385700265269486267029253071362693868e-03	3.8900616087710213952274633035427180369316996308533157384008160177150947e-01	1.021433694470179927625202954585885813302971392120348363889419970982479e+11	4.0
1.6978079568432042042263654459696477982783130038930915305786764457809521e-03	3.8869282737388284735293241839245759467152054059691571797155020764095319e-01	1.0225034297046478181932453934163690186678102745759224542751938096641289e+11	5.0
2.6872889526542621660620259849166919294893231993194969625785756688527656e-03	3.8819716987487992986236158486684177269474608919863359650759699234662492e-01	1.0241965437797736606900058943733309108739313360323433578522243796233839e+11	6.0
4.2501670254069170530394742188257348970620285000797760206916185533084587e-03	3.8741396499094901718647363396369414858337090534878528440302638276388655e-01	1.0268741637321498534351880294311782050610499066673200018107866196053823e+11	7.0
6.713832627562196313030968967784559771504055193839658719336170465708167e-03	3.8617856164709828326457801519704582713045648156200486336537747076130635e-01	1.0311033647226378791014680346596178253785382266607897918211406941534706e+11	8.0
1.0585364920655695278501182680929194007339023760785994975524899749040819e-02	3.8423524879252194447412621710605792129735556669879405453185067353935269e-01	1.0377696416571198254683588322634219946573176386052010460393203884202769e+11	9.0
1.4544936614523879639029291459081249678554024175369872709597778213356625e-02	3.8253030402398668533732670943878113430538479345942799680967129496314878e-01	1.730533126738585297691163277609441796410054492072910646804635362335111e+14	1.0e+01
2.2777079047539286938054167537854512532219725868278184256483387105724017e-02	3.7807744005991058795612959449532019949180621716483750102154779152281047e-01	1.7199156450874594408372882117823688121241136246617769591788533121366214e+14	1.1e+01
3.5429721635391066164580907599259518465941887038938271729797111093447401e-02	3.7121763602973908125140817804419972065770224569219701997790982372998079e-01	1.7035746110902559582035819239974349514842298566966626703317005510070311e+14	1.2e+01
5.4550866884104300439031999589880727546682854043778961718841003110688771e-02	3.6081550546131042701031687804655205556228843797454918211298191553102424e-01	1.6788264328873932744421118708438054028052557348091054332548259572995973e+14	1.3e+01
8.2724764376375730908050662105381975762001807868886391755431561380361928e-02	3.4541458808967464582034731820061644009004856642062469860299290246428824e-01	1.6422373714663809979292702394181978505401793316604631436599864775701379e+14	1.4e+01
1.2273256645233972985755632648726699815474582356817418481544953273570533e-01	3.2340387377452385447011491141208963214094801154329083395600399236726499e-01	1.5899967696461771044068006854455794911131653187508656672899178471046941e+14	1.5e+01
1.7668143807023189262564852655327584905135478205334023757346496118254018e-01	2.9348935096410158440169945776997962593975178153448601513144963250847441e-01	1.5189260322843690585286158235481031772996463225604005088047467506595268e+14	1.6e+01
2.4460731326210304816631929090549480138932896208175602653328775999903588e-01	2.5550765106351231605876103990083328512362180512988409303414231070146823e-01	1.4281057583813321218916160365497440513955774786736011987320549501945113e+14	1.7e+01
3.2319266445552832856786445438944577462846230808333245709542014976184603e-01	2.1526777624732085680444030159663239654791371403716933760171908637754786e-01	1.320321556044236895405462695618436450466742121234872498706040001894773e+14	1.8e+01
4.0586561617752617908245310115441792824548190308047855389825023056154785e-01	1.7283699498047937095988922741833221265985788553476912366508942835024418e-01	1.201816020313128216113994106435747717705323412913791407887313348656263e+14	1.9e+01
4.8502752702127137141486246321634372860301989859421010403909805835105123e-01	1.3237480776925467412437363274858030259274303012856474482001521250445028e-01	1.079609683628520386312972881512998611294660936353564168792306434339806e+14	2.0e+01
5.5530700776436902997591484904166602239372887185393462530793237655036105e-01	9.7345488298340056712884508008656285895291478238874521234578809457256761e-02	9.5802283089942668148610007982480554053967752087871666157036344714589687e+13	2.1e+01
6.1561452492294587842774410841612507015447973870783383786099485777597591e-01	8.0428172907241364394429595537496616427745611544038149945111082471315363e-02	8.3727944685380855832765698778283423553443857481664115736982596325208169e+13	2.2e+01
6.6878620331935151215359824038602144553006463275804937737853965783770921e-01	7.1640185009997287673873699094391961533954659915686158645529059630886181e-02	7.1537263100353708685535644979481773544820477096362639016166237248830995e+13	2.3e+01
7.1919653795494441316096770657823474387909114608418409561359942506072167e-01	6.1058777155403099773843996175034790024162663554373300232288840566937136e-02	5.9169550881288293176674150057185864718908913184423380957533360044896837e+13	2.4e+01
7.6962815636479040050077929020789415319102142471361027388936254900493832e-01	4.9478893667936944366651421654072553623251724710970889336208849799426614e-02	4.6965590795355985109948015080265616659904541004680533938411600051136852e+13	2.5e+01
8.1939926066938162248103566020253320670528723916603603350731065911327151e-01	3.8046115567996785653088149619860279289330629937296980249916930083247425e-02	3.5616219637298016881418919570552090074814122180083587312628270846048602e+13	2.6e+01
8.6524949519209242725484054184757955868127835869238420263910721444105781e-01	2.7849057975794533548746422589452201897409079277800155378067038283001217e-02	2.583421921626246480456834228650042837076680607354734312920517120254222e+13	2.7e+01
9.0392807288064005508561844090241048892059631222244820953089037102129334e-01	1.9546651173236150480349766314496658755386259437907961139852270401700531e-02	1.8025945904471675433162474992770122457045874570824932130179235817284309e+13	2.8e+01
9.3399527696403844802960077903064344532682035913812193987836861685194296e-01	1.3274691888731168743023421595526766325167842495777313803269633741528542e-02	1.2195739956223415961117069354654294181786579724466594875972975115213107e+13	2.9e+01
9.5589241524447998505929948253889294092699868789665879744972043800443984e-01	8.7996986418959334323238292399238853550702999078559869521561387869741092e-03	8.0649968589828594986626741068608251828775765343341585667150312004342081e+12	3.0e+01
9.7109638006638359815414624433449765977921104604368237761762844700662404e-01	5.7354094374991170192129537085709822433157179421975136507239246234267117e-03	5.2485026369001856016539254723352076413940394289549442603220622618700722e+12	3.1e+01
9.8130940864303631137478997804547235904537181855404420040221461425622375e-01	3.6957324130729806197263175435691720546246175374707709559769244958761521e-03	3.3787013049262279638144399421422417564097922173284100467320909496797686e+12	3.2e+01
9.8801936948430923955397176878018671225551514011996431318939217054607331e-01	2.3635546225697405386477982690235028383236582612303982797827866007857916e-03	2.1594745457088797521854835676341358373141790782423859621726730866615561e+12	3.3e+01
9.9236416526424606768199836371622024596157450125470953503509738719932173e-01	1.5042067203788528096020310286302708548170606570750273245899105301676841e-03	1.373793025625729373219837681261271936468602060179297579253559252238018e+12	3.4e+01
9.9515115155923317846926958150255643236322228176606006799698267072638793e-01	9.5430063885484574416509405773768834775622177772156517149246588004752568e-04	8.7134964198394715851452287097594798680271220274771425360558868814484015e+11	3.5e+01
9.9692813424278207245272310607208744956579287353840549161467101637707749e-01	6.0421593027415050356333944706283935701837357013980615289602082263352615e-04	5.5161001601226014583799175398181205678022985108701655755221779874239574e+11	3.6e+01
9.9805679639387498419957629557487750364300009260076650054492889675414807e-01	3.8207242815008751151201536895526594078089032350875230181358658138272806e-04	3.4877328063088931785453215331169948246275642794589880126574198034334991e+11	3.7e+01
9.9877192801454934524855809816418009013397690999438597181044755736677506e-01	2.4140619672818159010257869586150134897573270241902521162287151743663784e-04	2.203530779713245849415877834916539458775174280529143500087157140855233e+11	3.8e+01
9.9922434338129526672015215382642060323505217981155664911533357853269428e-01	1.5245059833166993080127894190554097882929122007960483785919848950399204e-04	1.3914990923798860366483343416256609206594302047701001487415664468046503e+11	3.9e+01
9.9951027653127091686595829342201973481170794185597294847892021471264308e-01	9.6243082203819939735351817859600975272114766637224851164067061327569705e-05	8.7844109458242125340277794424162146897033840898967058390634749338788494e+10	4.0e+01
9.9969087896335188114265882984598950199516105681178759136364406921644001e-01	6.0746500937943235152214106875547336684483123669280833617613062224803417e-05	5.5444395675581761192103639448093001372182966228230432380508483847528476e+10	4.1e+01
9.9980490745217587379710932157374899199229883546598776423036274084077086e-01	3.8336904116205545489992729259573989561422620795738854154202767905767235e-05	3.4990421676261786202095480124744385988244879634546866436448232640732465e+10	4.2e+01
9.9987688486766094652281485411733495749949981972604735804006560297203098e-01	2.4192317707042353379670100415503689351784194525564968613698285101633174e-05	2.208039984669180003394073615323198651449911932943050033401910160631449e+10	4.3e+01
9.9992231161641487471030426554535357916316205323235241818324986420042564e-01	1.5265661065651073919245242003875255012702063906953402708607996922276797e-05	1.3932959680396702611080595193042456462760206146222228531543640378302107e+10	4.4e+01
9.9995097876376124987539805900850828964156312044439099100711929550142982e-01	9.6325147181852310079600761989534858816614951538914714995646732672366399e-06	8.7915687850063280150262260950223058891010432423550023794172931175823812e+09	4.5e+01
9.9996906842483819173424352869010832150340495030429122397207368114489069e-01	6.0779184163605255083915337860341637011641556348545252298264617290980024e-06	5.5472902473378301592607815592926260675797136368398166914821348840830646e+09	4.6e+01
9.9998048299139143400838786423988789585431067167390946391165835851016326e-01	3.8349918701821021316087840880908450929230904960507740194839850420724827e-06	3.5001773177402830637386073383935939542228110990615365925493765945901926e+09	4.7e+01
9.9998768539938873426203320112934691814836522272773717989165830021318486e-01	2.4197499700721717253424597037458992851620581458899651004169101788017911e-06	2.2084919643604062679234921253636912495254208832268571692534327746278314e+09	4.8e+01
9.9999222993240287591337542058379047254919316166509739523743358087314404e-01	1.526772425393789943034042362621509116647688968552366463798947186261289e-06	1.3934759209807353366274552563034357038495705461344909792132985940955151e+09	4.9e+01
9.9999509738697437150894481081135474922566645567436699152083735071633324e-01	9.6333361383420625529168105074765748536750050273556764523809192629333418e-07	8.7922852265054552851465214379169451071926671642571380406922032666499744e+08	5.0e+01
9.9999690664764116978434722314197659341538598696702730341237665145614663e-01	6.0782454422021150904383389619508903933732879609942611890623331053063249e-07	5.5475754711349896391237290712070093514544157725330389567402925808513472e+08	5.1e+01
9.9999804822156880204314738234228595552594304261110175154500434978902945e-01	3.8351220646765183950726955229956630680351954237660137629551139159307541e-07	3.5002908624790713403617410765033375530535191320262480349284420654820388e+08	5.2e+01
9.9999876850905704043327511541194478303048293009052345225865136407023362e-01	2.4198018022282334907171593740553729636077764788912528771970960923385139e-07	2.2085371603753569347268527280378156241861114141661448736434038024279441e+08	5.3e+01
9.9999922298094587684133519548832185092548153898992704875544547875906627e-01	1.5267930603462990821946192958734126408418012789879096851429209161298369e-07	1.3934939063612422024702763470450489623423630186554517704468317061244539e+08	5.4e+01
9.9999950973380291101695444216086186756777967272322481084753272261609177e-01	9.6334182880688098834868071123284694799371154021687881379205158075320184e-08	8.7923567515240020577046604722169174878973879550229290645053160928536025e+07	5.5e+01
9.9999969066281556272372733067674477360901588865990532645960934814367931e-01	6.0782781467232812089091623395955567405721170606353501067518860013918209e-08	5.5476038693603825631826426224926851324478417404556667971976316691085495e+07	5.6e+01
9.9999980482138114469654448383906550587714015932640371481088500126377329e-01	3.8351350846125263153523580222384870067557024530714899817673579963436132e-08	3.500302091536862320358904835160215032340611915482542259657921033947819e+07	5.7e+01
9.9999987685059687765026493020708813543645488437719083722992168216175301e-01	2.4198069855660616519902270431894972950874587943904191769596245370624973e-08	2.2085415542438144338650655907492782248070118151613804816111227695298153e+07	5.8e+01
9.9999992229797164154993904193296973971442978750652963290993232725775166e-01	1.5267951238722512375164157038805686582886806340203690349010099766422825e-08	1.3934955790866397684253518456645178592106525622041791124552551689822672e+07	5.9e+01
9.9999995097333134532996382448302224709888161577365876401102686733445635e-01	9.6334265031186047961368448591674279923774006485744844441389729170442462e-09	8.7923626456993381091642504033736936375020023595032947767374934763066448e+06	6.0e+01
9.9999996906626207060031409089845253739024591667601234269810282616251315e-01	6.0782814171947712823308332125102987088350070487074655139950980461323495e-09	5.5476054508061683138309707564748462888960341619805094994501875983916005e+06	6.1e+01
9.9999998048213035708073850740658658137258869020576418909590894563578272e-01	3.8351363866109951858808596997448299757907604114359378678443463293592977e-09	3.5003019560532693811608002118575072874060312971789026079204034015949681e+06	6.2e+01
9.9999998768505659949128975175817580115592935211437904290774639971944049e-01	2.4198075039010689490883478940608249998204780137706978280466087936396166e-09	2.2085407352381185151061667230559409925427591150947025300515269303112693e+06	6.3e+01
9.9999999222979593468988245128103624282238861329573744185284308272982727e-01	1.526795330225155702108972591535780910776927009603145251632205277788176e-09	1.3934944879658416795355838825308943139991176049160439494598123951447172e+06	6.4e+01
9.9999999509733264507302588705032927143434641176170327363945705609454374e-01	9.6334273246243778168669225845980178973892260145178759611512003454227905e-10	8.792350651181493351532863569535579646697644935112238057735509864651226e+05	6.5e+01
9.999999969066260122014385283503983621767973398604697652565599402687258e-01	6.078281744242136345809405857546283492918077350103740982958360227706479e-10	5.5475930250148661716130358525889741728453782405721911947156049172744546e+05	6.6e+01
9.9999999804821295813240807101364765538261680148346405987657640573249979e-01	3.8351365168109130742649018142734445120602884851186135772869711037158194e-10	3.5002893585689031841565623828263891564240781085128382148039126898421377e+05	6.7e+01
9.9999999876850562906463901967523727841379528804915717189930965301999677e-01	2.4198075557346042439996107321735063320652101080674018423974142574871833e-10	2.2085280694015103236968189293262017606766403915416844478930199089452708e+05	6.8e+01
9.9999999922297958117259057913518636495098072535671311194544604033489719e-01	1.5267953508604715614260969031276273985418789461556526484711004678229279e-10	1.3934817949177153093237413992039208221529976497443666539519865752038371e+05	6.9e+01
9.9999999950973325961095784861886411417589600116781069686669867980696041e-01	9.6334274067751862578684349216118522190999855855891862593670340765999061e-11	8.7922236123692232634280920179838540426204230165782334780855980430575579e+04	7.0e+01
9.9999999969066259926981326978076235551610627230658910813111841128947889e-01	6.0782817769470982163463324563340151246564054637521418340100196385480671e-11	5.5474659430752453214992094124366305452806913135069864808796759555885915e+04	7.1e+01
9.999999998048212950357395907312792307673009005219391909137228151397418e-01	3.8351365298311287767433487445849447030864569303909003624199575887118681e-11	3.500162259459974666705241791174225098725939908537117601302426445764207e+04	7.2e+01
9.9999999987685056259587446787194241282138480338178034546896206313195863e-01	2.419807560918181322769327878301977276415693141735994252426730788113773e-11	2.2084009634573572898403627537109178605725319385490104831313389992114356e+04	7.3e+01
9.999999999222979579925505527496397969456828428830739466989550362370631e-01	1.5267953529242266051129398974778347939092536924941925508582229256121907e-11	1.3933546862524103779691203945477234023459869596261476423450579827235455e+04	7.4e+01
9.9999999995097332591038781047340692891171020292637960982051119805084621e-01	9.6334274149925014496233511758445641438286063175004967049326881543067548e-12	8.7909525148830731112920838094681057279665288542902520540980218492263611e+03	7.5e+01
9.9999999996906625990573349454080101475848386907655483935420532398063082e-01	6.078281780219828693307389635889757763680458769474176170368313036777035e-12	5.546194841276360042926786368376749943673421550160707620882384718956754e+03	7.6e+01
9.9999999998048212949405442039836869603697368359667448618460988146327383e-01	3.8351365311353846223930667166588698270565514205443622890680228643167774e-12	3.4988911559441586087804798461114764150371948778558547818142378498009344e+03	7.7e+01
9.999999999876850562547370259592122974156235017755499180927274334979158e-01	2.4198075614387733024045581989475188450589628628021332221074996033108488e-12	2.2071298592580187771054408700947797579009476442249129968340180754739388e+03	7.8e+01
9.9999999999222979579626344374233568659627874982251601195486356894848105e-01	1.526795353132836380324648175476457783197610985510673994315748963986106e-12	1.3920835817809566746882028531443959692019452360830215164378898302471276e+03	7.9e+01
9.999999999950973325887871748239827252625978784986544232933133703307023e-01	9.633427415836575674930117141995321633903400483667167173992630822561668e-13	8.7782414690852259926240169106080475578395553242727028269118505537602192e+02	8.0e+01
9.9999999999690662598861634465061506181702470934124692839135762988476892e-01	6.0782817805694444465572956834157216188247202256273517289469722728116624e-13	5.5334837950472394111127228871495691859897093103273196824693464126593369e+02	8.1e+01
9.9999999999804821294756572017409266395737216074737128312098254026670343e-01	3.8351365312881529123667839300558299851989561877538528104913973771107848e-13	3.4861801095433448989049965790782169014785839041167415774049212652715474e+02	8.2e+01
9.9999999999876850562368067190866882916805158774885705460776494819962838e-01	2.4198075615131752057403905003170951688547149129569599090231705721276716e-13	2.1944188127888528217172451452703283778196822987798497030767348860319775e+02	8.3e+01
9.9999999999922297957785190177994074121982973392159944702561706029411748e-01	1.5267953531760400632089759262821734957658964011507907425123205367358735e-13	1.3793725352845792002374457707711123896688944531202376361053313622351609e+02	8.4e+01
9.9999999999950973325711167494119966467306076186389296453661439063906125e-01	9.6334274161444101510693733141810514094724552174154009869174904904398354e-14	8.6511310040131202395105578216724891631516092239181641355637672569898389e+01	8.5e+01
9.9999999999969066259709753793806220849355398471275451714688308968019374e-01	6.0782817808278330754850911236212525106585681123994629664528934815042197e-14	5.4063733299320063066796405889838255702492646813013055695169934558801142e+01	8.6e+01
9.9999999999980482129299364831978727272178874638956686235000394420414534e-01	3.8351365315268567949655099377136778078696311827959589903228187273381813e-14	3.3590696444109424866645104433739602275812862905673220150379583359358122e+01	8.7e+01
9.9999999999987685056060561040502983132582592620236986638613464484593217e-01	2.4198075617440424496749636553032047086294539580743939167663724543770244e-14	2.0673083476496151849251707991474597058730566426665426017470978031789727e+01	8.8e+01
9.9999999999992229795602291927308662429896689908497943904673534979624847e-01	1.5267953534037874850983071027488808090538592597325432448162814777561683e-14	1.3286587809725820143912548645093241998546457681201575755251427051427728e+01	8.9e+01
9.999999999999509733239489705897434603564878952481149110351746674835045e-01	9.6334274184094641346920530487160642114944785073156265326502444009329179e-15	8.9665730377414190488278992927947954409697869466756149249993207363284729	9.0e+01
9.9999999999996906625794758634957170822107307601808786484695598144332646e-01	6.0782817830879424743865670375570620805514643933664096133266155396227353e-15	6.2408279890946978336881260466246598387569791466677904047201643481203937	9.1e+01
9.999999999999804821275372091160379877797126273896747794206723170076705e-01	3.8351365337849977192340644029033702693715716563516872686471124236755996e-15	4.5209991314704335121510971216671867026172498363097139383707747105692503	9.2e+01
9.9999999999998768505429840999368009308497827883580543391572777763588103e-01	2.419807564001399710077099191611033188402514936647942205852216746709046e-15	3.4358604825033859411599317867884869577408325982590690997854143936598091	9.3e+01
9.9999999999999222979384014273929506840600863373893987217142522637138329e-01	1.5267953556608327632959175259701388800467712084721544768378406055598045e-15	2.7511842821582981202550930201445330247932401903313944956825635815490968	9.4e+01
9.9999999999999509733063274861096606145039904419118734103230803053577695e-01	9.633427440978674893141091778949989673584627309152709137129095953672592e-16	2.3191828049597668088341795175935893077964915211590237199991118721324236	9.5e+01
9.9999999999999690662403261048155030617206380620612717701942163768910218e-01	6.0782818056566587743634848082570553798425912456200126189904272035075927e-16	2.0466083000950583791848882233071426738406036479995860818598976451746908	9.6e+01
9.9999999999999804821099157287547987185938159617036413966050048715423723e-01	3.8351365563535171717476898836738383688343765339508813757145910293736014e-16	1.874625414332617492502167412139762445696407748581525681792550377957093	9.7e+01
9.9999999999999876850366769300993526088438081289071953875988082567035601e-01	2.4198075865698407962040827430571679880035943325353558535725313904216166e-16	1.7661115494359069809514018714543453533362069413341601661688329905713725	9.8e+01
9.9999999999999922297762186630308485137672704758321395437028038005647105e-01	1.526795378229242651202448556955270336884043156141369646794619739225167e-16	1.6976439294013959079724539215843956739877548557856204595923793066681812	9.9e+01
9.9999999999999950973130112689765200377555398806870028800356233390770812e-01	9.6334276666626495698536955156137842249871228678267791345303746284409532e-17	1.6544437816815418648112380854873312340864618271316276378567945399706454	1.0e+02
9.9999999999999969066064111308765644244707290759492678910413796713442684e-01	6.0782820313405840052288764431927165965631749636636896841832252400926565e-17	1.627186331195070658764955816319601876234478767353622362245616844981649	1.01e+02
9.9999999999999980481933700932822222839311932061369630736153631912094309e-01	3.8351367820374227178667522881659979306812613105814678744599870180026041e-17	1.6099880426188264255513935560054995463294931660291800293477563826530803	1.02e+02
9.9999999999999987684860462134213467908056399283373036444871197504574707e-01	2.4198078122537385056844809542525327508472637409995631087006547316570078e-17	1.599136656129155316851800511862307714782375285485424140352559031615912	1.03e+02
