0.0	0.0	0.0	0.0
3.2929119461944024537008886125325680499933119354964744258786723594393366e-04	3.7452157125214597469224872343189897264718315996684001020617020357869886e-01	1.9836565074523397744020316502516055224484573783919597393692089487426064e+12	1.0
5.2175182357748297865472831791067223108130352858108058061509203295958192e-04	3.7446454287287215442869499302678727490474682323672525057929827979712656e-01	1.9828271626533817116791832287385581805495026090195376423084266946447152e+12	2.0
8.2657063099235163434551277974573426582815570734424033029344127684747704e-04	3.7437421550522078951211362274407891153272484134023421425728958274989683e-01	1.9815136232254861191394410890397756098502897834461529068503110607457977e+12	3.0
1.3091472872168661686301345127993041173446648039922556547337233420704352e-03	3.7423119806887893085631837035422756894129161651804269633565573606328767e-01	1.9794340198631377562491395281345181327364990753625035956639876402307813e+12	4.0
2.0726549138892310028043180730570790233739296967077176895951454478511019e-03	3.7400488614579971126182098208179010779576689986749774361059167715989914e-01	1.9761436262668846018089989188642076602003744134905818279227047744633936e+12	5.0
3.2794168026303898259105466022258647480642783999352956246694564600441109e-03	3.7364709583817505309103809502231192597657008888941787574307724485354101e-01	1.9709426130591202601339041355340443609617869147273886843823421383436071e+12	6.0
5.1837218845675225891301557888653576098367476712750325115639203871855463e-03	3.7308226030573083968059096742241794678839394506963378101932558320293038e-01	1.9627343194317260960108749547744754783472261086471600713317370095017571e+12	7.0
8.1812165092885271089232097526659275345777545002308127079426593796423078e-03	3.7219259718020106736703446659576826532922187942113845589640132335034531e-01	1.9498116399024899712368327018089094312466088267656594986903660457549046e+12	8.0
1.2880829345369313228114521455026451739259375522854323295699681192028332e-02	3.7079631647719366283943574222476772012237531164118017991241289546959397e-01	1.9295452668284643395745013732147093376745924343914610772357309470692897e+12	9.0
2.0203634676357682958325780544276283067027593650286152881650338949424574e-02	3.6861718360768029933649681472751385758073915817227360773585987771256271e-01	1.8979535938654894853723555676880715955040736278017416730737627295421145e+12	1.0e+01
3.1504654391081102713707083913705957267759059499044873618250228929129266e-02	3.65245796375155059591954738023435486862654130130680293010954103724146e-01	1.8491694365885028255384088514051095795115313322744792973011107983357266e+12	1.1e+01
4.8689503732279898831894891557186261676010048011404405421096119501912092e-02	3.6009926778646586779623751571110532773183993395416707724788238197119123e-01	1.7749225971943552792950907285843767251829012353238200243963655797531274e+12	1.2e+01
7.424556167109228844098913107310440293382115962567453504660932844041285e-02	3.5240040767674591156500634094646908694084364581764712800026157575567342e-01	1.6644102808481169827265991523292378034981779939623094623293754402596116e+12	1.3e+01
1.1102418177143366930253997799216007010984428527055785422999861221103663e-01	3.4122186142524491092819783124008291600900235170755686657755075179279649e-01	1.5053199511310880455341685136923582329803187157085640986103608845384659e+12	1.4e+01
1.6154652764677815212645429579161544399825936646686645377163509902592552e-01	3.2566323798177860097058826502750584715278024743226649073525856871886864e-01	1.2866832704431616101817853811659402660062228767863596439357656356517514e+12	1.5e+01
2.2672620283920998696082710847346581304229607310422931616643474627705189e-01	3.0520474867357913075209350820747599406026334920627777191710582556186367e-01	1.0051693578959494894069618130278735868714250504112853014541308532230306e+12	1.6e+01
3.0441910088170722801169276402980394439021063067449595364014510012046552e-01	2.8014096667029140885592083620837228499098506612213328670138070356032737e-01	6.7234336990954853314819295644593053434581647611423593437667512481273705e+11	1.7e+01
3.0390225526384760896233391312637815334930701660294109359243302886126299e-01	1.8667163929756285910084403333357284621783649404927546713326209228987759e-01	5.0778835652229286498301301712053874008331948870821267127473873476448152e+14	1.8e+01
3.7878722386839797674104152501295203271846300257521108786860121546269167e-01	1.4854284220763383535450534187734282556585687390798149573989562134545972e-01	4.5063701414137282847292653311156032877589370899159001513493066062645991e+14	1.9e+01
4.4941007008207643505034029656817549064547308167100774971058742055477626e-01	1.1355353130515634619311263509223320987114361760487652718734874929848173e-01	3.9491221264063928851325423005416042114817636709484124896150174011983634e+14	2.0e+01
5.1090680431438819257664386184942583251028698919988856343182442478440517e-01	8.4177478528830514889864660090278519542091020516870149118299082586999685e-02	3.4383606297697961274087002862128414188993542707035824069875327071332499e+14	2.1e+01
5.6229538506511005245643214265719937748819052349904064764679969508567093e-01	6.9330682297276544404496791847449280483063900487524843824885865282136378e-02	2.9815227089030560141680297157219416319436229364519235442714961696206088e+14	2.2e+01
6.0642282067469829251867258734004690320854868159386846743020536938614141e-01	6.613345328629620114736183543660969045851150714856072944668831739554606e-02	2.5656494472459422631411806080657149573491346810731594821759024996710701e+14	2.3e+01
7.7881397133054569801638965479036300395373687104635515941003429645799986e-01	8.7219862314550464603775189890734030325716405795361847862909161361835819e-02	3.2701703702916131813861048261206023366332589058238063344399650615566844e+11	2.4e+01
8.2811333406965787667460750678453042017643127035574946243965501598565027e-01	6.540349029174440381007044642896969275555655207445791783536465975918964e-02	2.6670823595158631023454713081042289389408234311714760113041035519672554e+11	2.5e+01
8.7255389006267045353161677973591552971182661854110044942133825864829813e-01	4.7053804448036611452620869988775004470413810369708726178668821466960256e-02	2.0238798983641419010264771929111435912892763282683519314612677290998817e+11	2.6e+01
9.0952911700128690201309202528190219658815053320590401946726149772637253e-01	3.2643404411123961622815585064867610295144928869378136525294877002630594e-02	1.4523670717305796907599698683497987575776678176534399574954740986185959e+11	2.7e+01
9.3802468589574485130905553431428677465024116405877164197516492112652953e-01	2.1998554516532155030024297614365242593301474284605374743368766939448284e-02	9.999660835625664829769630057981586922689266320109857885105044108364002e+10	2.8e+01
9.5866490203458323157379580825258797335475865342995749411705756376131636e-01	1.4509318292632035882422787003609500368368412701428256063500456028106275e-02	6.685459291483036958778709308272627499734430280504358212414015793426567e+10	2.9e+01
9.7294720022321725357164924623185908798289061725814552579519772739272631e-01	9.4260187458499162479149758985501007461164336106044385717657726102758298e-03	4.3806551631718189270180412341392726963685088171772361579135484973667124e+10	3.0e+01
9.8252040703878069311752293588287646289042373954655098256966418585769955e-01	6.0611788649062015169552961345304659662246519476628622347519370633784374e-03	2.8321916002007109333136053963110042402686412019451835804006367632475571e+10	3.1e+01
9.8880142200971379127204621426379771100971621331248834827182856432523059e-01	3.8711837561346400931128574792039448840483682057922424151399280780025581e-03	1.8150831012092815244105566398076707278506491307571121897140081204354788e+10	3.2e+01
9.9286496104158989922160467547380959820469374539244330138373891253718327e-01	2.4616042896337195688818258494757983234947669617598277793670784443679866e-03	1.1566711764071285505598397427798441181231556129233897004684525048129819e+10	3.3e+01
9.9547011351637747599460958513928357478437684336806451874146008873205776e-01	1.5608569379559020799416557853495574938550877210513346507582234963361346e-03	7.344249902555059367589710578914700914862064392044001746985838805092977e+09	3.4e+01
9.9713058720761937064015125030595446761908246482285894986100949384914514e-01	9.8792220362785765939642505845128195330604995454345908242596706707054965e-04	4.6524438593041967655091533751885032570705479598942263739066573029318494e+09	3.5e+01
9.9818501871587222804445148491328863928894932584915593964672036649624909e-01	6.2457294170078345234061791137351493272782775916311182213195769346794032e-04	2.9429142454312235929000613362298456508412930433136809290806249134494866e+09	3.6e+01
9.9885302541206902515444821037153926228437927817912187683625206242117026e-01	3.9457273205791994409197628568357573016619267813635339415801913711949573e-04	1.8598180659314622462789287810123519710006687704463864691938553527509448e+09	3.7e+01
9.9927559144183340947723491854417059645144190100833206134685108115237091e-01	2.4915560095836795958657522968847747626158768182746089125230088438282721e-04	1.174648791565541347909516122555809406677450632700895273796297936295183e+09	3.8e+01
9.9954264478147534343156937846133051060205352016773587742276523766565361e-01	1.572851076870760927699400873003538004007556312711442497580399737344706e-04	7.4162488173285388917305515563660855949529381722173612374952364055213931e+08	3.9e+01
9.99711316444129976604028598369024248813332018444345297366101962301664e-01	9.9271493205641007445903598274677702103050454621518450838468211214960032e-05	4.6812158278171018628190796170374917486941579046489445714929174268134555e+08	4.0e+01
9.9981780978511391144186663402750332058861545678810109548661070467032604e-01	6.2648545134767168543747121109047333264948053858609253621537816075391908e-05	2.9543960572437093221491771370691395608102730878556450223140939231267044e+08	4.1e+01
9.9988502991852732642664778620830191414237293395644418153213970187574158e-01	3.953352477174921934468488358332324118743852738500591808186204947288941e-05	1.8643960168982375697085852571397235212499799013974350463116720258994109e+08	4.2e+01
9.9992745386002202831963781759142422269651679816021866619197018237311227e-01	2.4945944885526428639605674745944664941031248406038907841876130061760415e-05	1.1764730896424279912426133433257823000123894525767872918380589503988016e+08	4.3e+01
9.9995422590003695050564310039595339599122606539244180397018574588868146e-01	1.574061433896448064440195101613636172712803802554792599725102533386363e-05	7.4235162731800454558971075135801517290898179393555790058028952311483248e+07	4.4e+01
9.9997111964444675144926484656657993218755583930925919640836523632282628e-01	9.9319696406984185456677905995439448439741895791890663460264307772787645e-06	4.6841105689586015299153964151073606796085303259327897746086041197685599e+07	4.5e+01
9.9998177956502375045619003303846168229046158346589948463037254655185994e-01	6.2667739703895520159874032190595387482499089009974259246914093166883095e-06	2.9555491646926937599077366315866767433665328486883567924163902542087908e+07	4.6e+01
9.9998850579430782276929166513310075318682058825836567727397899318249067e-01	3.9541167405399586236730522623893587201135145811923519094101358665098085e-06	1.864855560221199346945787473040075616815646248803300589322055272563132e+07	4.7e+01
9.9999274986720354491885810751376629640398655764773979421067797166847346e-01	2.494898775871247720009902535719481525409423577166458525886149803906702e-06	1.1766564680302276167382790819611572554971472406582533759071973336238785e+07	4.8e+01
9.999954277396137009677982538569882920530450508508081799915784499728374e-01	1.5741825800430928717380748143470849510655887539678147465486380389318279e-06	7.4242504937880738465602015029029222321580840884219040912803125696178206e+06	4.9e+01
9.99997117380175006819672017579665505236852545009702430715161083636085e-01	9.9324519502400516300126821483507904766773257322061354889040919119191508e-07	4.6844070126684570615201849750654276049676863189384100230178740371423062e+06	5.0e+01
9.9999818347818265437744688026894426025317077390581557419432744332336229e-01	6.2669659858094543297259257576409758455886333739641703782531385591782358e-07	2.9556713180213950108453566004672040843550661569050206162525799521537665e+06	5.1e+01
9.9999885614329188660154001226032427153813439485033206247801840835674267e-01	3.9541931843941450311929163080025833651580701914398687702679781901232508e-07	1.8649083252247337498544463917953591951067865540170004693455019511290379e+06	5.2e+01
9.9999928056737429715187741146357987794031078635866226669317409051816009e-01	2.4949292090037705823387282435508757608617715773371919522937207765429628e-07	1.1766816085228057743026735558342810443335152641487526679431167867194158e+06	5.3e+01
9.9999954836130074989119744832807298155137873931281044830768817948673666e-01	1.574194695763220272639841812969513130721853938385862157845356410793852e-07	7.4243919222457939536544903896275466534242676800994224253226464237356308e+05	5.4e+01
9.9999971732801842298738251665396915492028934130189096248199951235040349e-01	9.9325001839711179273634907976278399799748400270247774197490393423009491e-08	4.6845046583768098566134534170288889937891866729387745773852628759567738e+05	5.5e+01
9.999998239388787724401630730446605460733811355587625889901692625803354e-01	6.2669851880489880654656123269313371624772174168069135259089480600651268e-08	2.9557515334206764545766372616663545576503297330221930816734829312287821e+05	5.6e+01
9.9999989120581152531951127428924349057668660147713848492138120939385852e-01	3.954200828954781634861982095828791680777965877271005280108413260679699e-08	1.8649816014722401898257470874265797724502931933031651391696509238647482e+05	5.7e+01
9.9999993364838770013519298136917409443642440854165532774992381650739875e-01	2.4949322523610363599711431367316755631636364611870997737894601821574191e-08	1.1767521222390211587508956262183002307390494325326290328950054274055002e+05	5.8e+01
9.9999996042784720113119969992336131387626249626254809968537776284718202e-01	1.5741959073462890779137889382318451016653347752431877842666564444305179e-08	7.42508606155969766965542633986084935098348535992168494503721495878439e+04	5.9e+01
9.9999997732454558420521874780785999385296767355780952728942172185215821e-01	9.932505007371999337668374727102525492817817390553069266337482712724677e-09	4.6851944193651760576014614705938221808806680477554229457287739982284541e+04	6.0e+01
9.9999998798564221508269315317823412506204858351144375387381470854491893e-01	6.266987108279921260251720021248736347602417606447518016941910109763536e-09	2.9564395513654251237748205524802948123681656105757161202849787967817585e+04	6.1e+01
9.9999999471233970868860530625814356026951280870507445185406207757918467e-01	3.9542015934126016447603923825623277331934128691471533726746047760000996e-09	1.8656689254986186427327155551145689179938055854166375509745834653707282e+04	6.2e+01
9.9999999895659900551315739867294913497845796527299748321042308043582907e-01	2.4949325566972072082742838482880658669883594270452705404108999269021882e-09	1.1774391700114685307597310619787676008410638610146620290783825457149953e+04	6.3e+01
