0.0	0.0	0.0	0.0
3.2698103694622644632412512722191662825090498818310559489321091110810529e-04	3.806452924974275627256557225417589104895479098680867682280801788543562e-01	1.5906580774891204543845097035053301195337514825888372739578912704535695e+11	1.0
5.1809580035398004497489879275094711012569632791979541687893339365109542e-04	3.8055229809985254591600641164194193749348514753979157944239131473613943e-01	1.5912194519770292973960205414311090569674786016713418058024436109522071e+11	2.0
8.2078959452274355649248054772399654449635345281198374106585007565523909e-04	3.8040500791253807015949460196396551184943109394745493806264688383123319e-01	1.5921083549442834727916670415986740513927371286599232913252858642966698e+11	3.0
1.3000184724456754804640650474403716581835970065752461887724256828619489e-03	3.8017180952679172441930941140082020289977603361041664023344317561987935e-01	1.5935151255611344988588220265820720345063241216157485155253778778332676e+11	4.0
2.0582706028380514386666590467995091833975249793355237173449949091522484e-03	3.7980281868772442590932944301276317898453939482213197751995070195850152e-01	1.5957395807873842060964087574117735403298960766631030619250015388281457e+11	5.0
3.2568287708547654701155468528824842674822194643368090030592086569799533e-03	3.7921951910881694404181104046044106922880043387583655707632678869991112e-01	1.5992522784090518984042930253198926100519255154104181801828794635377376e+11	6.0
5.1484441511450086399524839253153245860471807344678005561210659029087196e-03	3.7829882878212126945375652222986818107204064623535771861058099724762335e-01	1.6047875063612268552265482338094670329158523135388514936758754497641423e+11	7.0
8.1265982532762381371723267084289671823151507728374310306607572631241084e-03	3.7684904399546804037497305199987642043518238702967821257122580841582603e-01	1.6134805852554308684447683950638181127562005913137449686649141366650539e+11	8.0
1.2797444582321336315083631038654951380329565561590472031882816313832183e-02	3.7457462783504966662138460956099802714935186494426241014020087578305688e-01	1.6270610934028400590989381936318378386695199229885804226329315705310078e+11	9.0
1.9843905064760841253388904970042920054051250069011949150421224631550692e-02	3.713422748335577194141443904817490149897252231527501705649010575976639e-01	2.3104556348323038404419866309974977100388464299678954458109268833726913e+13	1.0e+01
3.0979452336331002909857363695988880535980097519303132621085161576596048e-02	3.6595168934633297655256451262857595315465852535114461250402093705580191e-01	2.1804370799559423592964440658528458826621055408356002797741120698290985e+13	1.1e+01
4.7961954402259971481074698158888865799331763313669111742038665584138535e-02	3.5771127155309738688147144743845151931428465469708671893264401574886034e-01	1.9817877888461275466558663939283870334143467934106745281091023683224796e+13	1.2e+01
7.3327401015401494506051385302057586277899377359838166171710947476044223e-02	3.4536061603303205253826513938401287248971157631856350522542383564101619e-01	1.6845150563612317140534967564782417060523738265254977522621012417808297e+13	1.3e+01
1.1006436869350191734966570939574832224707139155382058641509493069502158e-01	3.2738604228866434203023627327581314391578613265203307919152154914736962e-01	1.2523254067089040245555096747397211509285167308184541050488624970504595e+13	1.4e+01
1.6098027549067031414750583987053166959898692982674845859353319858170671e-01	3.0231405449682755157048112775068660177260737290149254234047650944086546e-01	6.5072706596131167443790187752299520962257672757835710312142381277484367e+12	1.5e+01
2.2744428395054031180196660917411797974497982302776857197109826778852434e-01	2.6933363676843133658041047799047641381539234618033835060929245936685306e-01	1.4188361224988076593941477827156565540546753009158273037486184370722075e+12	1.6e+01
3.0780926366498005959536333269398277863364906949271075569628480813068791e-01	2.2913772826440892908492847230479197700125952650653734266091452351095912e-01	1.0923605798075139544182888829759138968886779556942876054953345284534082e+13	1.7e+01
3.9657756867605554074036157629429259386626794440640074241338792456277358e-01	1.8480548914343218181449891161144243293568115719171711864647076742267561e-01	2.1296938516850327244796892574057824298683886759838714635758601944905261e+13	1.8e+01
4.8553819970900853307241603947362973791922745858042277082977078797845717e-01	1.4063704923505995029631348208429229685885573349482112582952958012904631e-01	3.1247278906156442240012461003465250009181067708581018777319052296708526e+13	1.9e+01
5.6676781916236894597083863481239200105300998606006517906763783230909241e-01	1.0804626815971788706753165991191546996117853186099410088475605519671644e-01	3.9378808332069045607697830122605526734856113384189534809096112739893847e+13	2.0e+01
6.3562646762188008090384618095196350585483778399851640835821085014458342e-01	9.5425759564470596850637758242167622823364545223785845135393453400854111e-02	4.4594874176499746560423513315497032894782029944448950951556854795213107e+13	2.1e+01
6.9189177389287341220779913606231830879665063020288307873949215020761165e-01	8.3309539425229511928455710474537132680912378034693201416853371954723048e-02	4.6340117559503067434109938686468746793201181763760614128447007685683203e+13	2.2e+01
7.3878811355928924504718393384046268952491884075858161282639156671135428e-01	7.1241497096415371578873597430596916515348352525789280196010300899633736e-02	4.4635504286445808557571921528648167993423555482009510783752875423096275e+13	2.3e+01
7.8075677082145758909550661192683862368123822149095717454674375065095083e-01	5.9014625805113025290407851290148102214510009433616828470633619541022388e-02	4.0033077429948367705166864563366933862380071857051464711664158289618722e+13	2.4e+01
8.2095708736429137857143256053171461276990436071918708935126075467385628e-01	4.6912472478316778863631443711596825759164192281974066581870702210215002e-02	3.3525705115299321652875930413123613747800596906001592830144245942526675e+13	2.5e+01
8.5975196820729665859390024413053220275034439161483798316080891589793371e-01	3.5618773399086875116193491259489646234266769015236093094141062125287383e-02	2.6327743051625422861875948516042773576501836407731247978414783933654231e+13	2.6e+01
8.9523584556256578143057564612862918216020214704663602325230399509919635e-01	2.5858883538579257185320080195247331901545966435952533487356443854933077e-02	1.9531542958964418445924412089334034978108613444886495425447763083530796e+13	2.7e+01
9.2517382224323570131270758766373940599327355200534455558963573341530534e-01	1.8054209557020447860106849212148618958497490101255032077310588218947137e-02	1.3825875790381543788633264642587789371274546783583509593425298682228089e+13	2.8e+01
9.485050315231131301148132258386596146812119534394986701108033618798302e-01	1.221988076313662192550492820464680395019057492410399758147336351864723e-02	9.4402481047950842629368422701967287411970069551249128021031424225922211e+12	2.9e+01
9.6554259958398638162610133259828148444897868035467848792581868647516122e-01	8.0831398403798327956794615723002971521062990937970410872845192124658547e-03	6.279214266982894893541266041005170443566826567490281433044644571502274e+12	3.0e+01
9.7739838852504520337104399145156549519829993961758033395288310157879907e-01	5.2612273690325092767279050233551913645443385785140655557949985147775076e-03	4.1014360979911546736788397812448252498620905969088352490898067130542719e+12	3.1e+01
9.853749954705938715201438990985200463492257454809787979210289589069689e-01	3.3872716852883213538784897639121721582909302832324166133806353768393134e-03	2.6464384538402424049158607998820620958462644620493160480642555915025941e+12	3.2e+01
9.9062132223394982198660110932973207391101088250436939967904387983935439e-01	2.1651066392980974210803638253652631825403996512024403607691860161610802e-03	1.6939445930063399260565710622095908631196693906691426876171698728440873e+12	3.3e+01
9.9402083808497774511737501625988937861277346390509622621219439720853977e-01	1.3774383777910697540269349638374052645869562748790992539790483938483393e-03	1.0786388011077597611048615371090544886748275631898889802078157468406236e+12	3.4e+01
9.962024904241290880408482484240990384946764588611811007306200128550972e-01	8.7368683344590850013243804140473004905227558038273164274149432114061558e-04	6.8454499881915707917246358544873341075556161749138092859808784074635271e+11	3.5e+01
9.9759393006735710347661599158238605029124466907482894375852725476557257e-01	5.530996210259508454610813726039023151099941684998885560022579214473039e-04	4.3351339670484131125898328339279235487731799420097108516054200759131564e+11	3.6e+01
9.9847788150596263775512038527530715548459769319295459354150013861373612e-01	3.4971914380483067010810370475523676964105506424536655109845650886949594e-04	2.7416694254868376446488835301130749303346277617821672296068656419963964e+11	3.7e+01
9.9903803022228055032549633676183338660234650737106534178208318613910368e-01	2.2095227032481327260739049686774553160242744322241074111078138424395908e-04	1.7324274525891019662106912380681912379686985971690189594548842051485198e+11	3.8e+01
9.9939242576546430429928426329965045615465209614144311148563036451767206e-01	1.395289292601259830020451011235477652575116961347872528524092697745058e-04	1.094105702963725941364519504325714983301265186301724107112163509932835e+11	3.9e+01
9.9961641989443737655742402599269160736121076417438677116368407770212237e-01	8.8083635834552847826870113471195043225365196224062290040078422352898393e-05	6.9073983516674504172504883988299088722082387159568809494503067623599293e+10	4.0e+01
9.9975790448286184718121974147199711401723495370175533000454181132373409e-01	5.5595678404884611235083971035343447851359109848100171833908842367961556e-05	4.3598907282505265479296466606882780428395399311645084222040570329823828e+10	4.1e+01
9.9984723655003500079311377246469118255124399206068623032960482619200513e-01	3.5085935099761857160782270967366069704872236841417516384950978463989068e-05	2.7515491856058565574211202903915164382962868187654279890875238188730469e+10	4.2e+01
9.9990362570852840700612981019881481413470380856474698409247969109111757e-01	2.2140688828435303479788236788803337086140775382282946432895880152418586e-05	1.736366683742458318920906620430802328113120032465862834112951496952646e+10	4.3e+01
9.9993921459482743444385592981915748388196018651743752094487465256958674e-01	1.3971009047757248701351387095401353830061588786699440195674837446833886e-05	1.0956754553250971755952745906311800832026290207899059104919001271765343e+10	4.4e+01
9.9996167353989456331055551217708860054509023610605055214754457026155164e-01	8.8155801322070564960191623711107644998804399656780219701131355756533687e-06	6.9136514484827801833749691611924722602984810951377115307036355454218118e+09	4.5e+01
9.9997584571956353625674510907880239759152857737784179094107463385370496e-01	5.5624419042141828852690811540968562790424499001603001695970368522970625e-06	4.3623810724391241593745003501235669811396695716101471227803573301298041e+09	4.6e+01
9.999847883749029384537316416124214384010215202111240173868441978310817e-01	3.5097379728061018370297701282915133604476914648759709076131380059387482e-06	2.7525408322096408353300619844960698386457443360295757429242544761160988e+09	4.7e+01
9.9999043105362129854630739757782705417132230265382855886372979107867757e-01	2.2145245714206859194513931158224476339306834955168748993216808610391273e-06	1.7367615074242816647140944042410927932118042275123761505669059840381132e+09	4.8e+01
9.9999399144060423813977949222328861324664695189366022350534602585978063e-01	1.3972823351822486130033463977566439698614832731589321436185034392107388e-06	1.0958326341221232126146599665691007222882707164189424986378033673391671e+09	4.9e+01
9.9999623793169842613898789621502975834399032895101189065134941664134952e-01	8.816302463670613196244718109643011355510321490748224159438313086503049e-07	6.9142770410571531078117391577696597544477924187296133540553826964805028e+08	5.0e+01
9.999976553871917734595172467779056196497155418488973654562620093642977e-01	5.5627294806040637515767060786405179496191680212649286995660921976626017e-07	4.3626299491841409464413444844607986090246265560171649286564165830232253e+08	5.1e+01
9.9999854974729189638641030122813900541967560267891482126642313334672085e-01	3.5098524618059771904450017137568294406569733230962738628511009360690921e-07	2.7526397284825509521891648416840858553587267228044106672028940637538007e+08	5.2e+01
9.9999911405281251403362221278947784803386941184354991148990304713317325e-01	2.2145701510100586577041909655560805371066179238877206675011901482473635e-07	1.7368006935873340940683884045961420889458594447472669042258035210979586e+08	5.3e+01
9.9999947010649938604523146858247197065373615750901530962149751385494286e-01	1.3973004809188363802107860004352170661438981181538530251666762688414248e-07	1.0958480488080013311475368410613682492534284945402084047808581837308763e+08	5.4e+01
9.9999969476157594766635301366324414573499489290063030789063799442587033e-01	8.8163747035892890120357457265867044128687992923836678585503994581757623e-08	6.9143365508196140719939668000665569671014350102229512895936894420083334e+07	5.5e+01
9.9999983650950086544712330767868162668444539819924370377501965714886588e-01	5.5627582399442675268593687058849795583681275742269138814275041627324332e-08	4.362651782953309697080689056176975857505897381159041014294500842478961e+07	5.6e+01
9.9999992594645661958638926258500573833941616876122621970184212030204842e-01	3.5098639111333209580497869098367176789577711646833756189241735109087561e-08	2.7526465630966291950628332248260512325425984902119659649930980777852922e+07	5.7e+01
9.9999998237738518926807513461892615160258768468821388193543382571098023e-01	2.2145747090763643214761591543023212406805883749596789939138052448197731e-08	1.7368015569121320706901787894681533061106209920992746860519498779716842e+07	5.8e+01
