0.0	0.0	0.0	0.0
4.1045630256550597200328361367001129628904166050891186103159296290015646e-04	4.1457672831903650771828621452246246324898181924812922455735705249838821e-01	8.5168545777796550370876371018526383471626200613020301424474803608936096e+07	1.0
6.5033524777871621810749446508750409885761177244077475535409314077489781e-04	4.1448107858773565786260921960704645640000441899630062970791999192912158e-01	8.5141144766104467331242674934171856260825856589332950842477113733640359e+07	2.0
1.0302246616364568139887814680450296635163890268241215618843554960007926e-03	4.1432956997830027524378127657266459288152038368746768174534460746066185e-01	8.50977672296581113896286007928284841346569437914990962966527305678218e+07	3.0
1.6315739049611922871202076331864863670883389938859958854697565605860724e-03	4.1408966079930279840469007319700108160984752345137544559452054746297764e-01	8.502914411568284344026193035649229757276057871102272326141586973616881e+07	4.0
2.5828074500693881066035883760365322453720875998535139996732348515302891e-03	4.1370997147177451001212886735660562918882642107479854606070923794824382e-01	8.4920698238869011567002103853756621194296130970263394649662402569297735e+07	5.0
4.0858078365939384160061864412315386357643572202300138033901425942834345e-03	4.1310955992581768047176655404309142326633123375419300678024982863578102e-01	8.4749608233141373670041117106923401742826228689786230608677959132453554e+07	6.0
6.4564216481269539677697751473271579179627233947352725897173693144234153e-03	4.1216136195514442065040640294727793605477802504289528228687276316869149e-01	8.4480402544367286472692354353393191070923772283009796709793357007957728e+07	7.0
1.0185071059922688139080730263849092381244895516052278037957541108109756e-02	4.1066702746085559947321920577259429889725880365461271312255707705012805e-01	8.4058575521231763560005552619301284362693396077254565477984886430842393e+07	8.0
1.6356088759712585830436915604361493498581924046660822639777160348467604e-02	4.0937145811922282978926089085273931552310882011604453562581247965048205e-01	4.143585800152876259803976814885357514611806444712139734813605105563797e+09	9.0
2.5611590725204150483913275789962817922666107984282216025525494966883598e-02	4.0597432385476675795491030614085506731494584667291483172671657822871234e-01	4.1987669648002486676091653814315865433542296183459155442547701641382545e+09	1.0e+01
3.9835883405451493452340960063340489700769379798577208910584852215941328e-02	4.0071858366742941951928582622072608110959063972568980938547598464439652e-01	4.2810533957607534474345237137565466323458772832939383653368057626634016e+09	1.1e+01
6.1332542725712594084575838820984989504478212802893002886432702534508826e-02	3.9269455001956501066153823760673366005788547344762245006358529324064086e-01	4.399533565386027182352002758374577553490780037227229094334253834487026e+09	1.2e+01
9.3018576617916381986415499008320534389834373754725504443879766930746851e-02	3.8068551006748638423251198557966704469173011449353600250073616040409436e-01	4.5609945384949922138515108917684629598048891272470050945224964734613499e+09	1.3e+01
1.3807382389140265253748929348732033589207044621130924800216616064948053e-01	3.6322739648696304805017352933106588342909080031484494691358900015293598e-01	4.7626917348804363920583940309117248831221133462759404819049563116649855e+09	1.4e+01
1.9904238642539263117304004491765374535075093767955874118864535727658342e-01	3.3886700442284750807900032380346252330411546789044963809737284204343722e-01	4.981248704948187107636079485597773878106832448249996889818676106946013e+09	1.5e+01
2.7640230501251698844249534927248714743862234571314989287017555247705483e-01	3.0670276875718984510159122719802959166052310229737662021205725716398513e-01	5.1635222724637921937893815051131068397536489253722059248114930477803743e+09	1.6e+01
3.6721481323794625945128464878643829845798625328919124973842320388619476e-01	2.6712964440711579845797433747452476423263750353897391663162747472089129e-01	5.2324520749547377922080961796925146836843029749385324362876817236708115e+09	1.7e+01
4.6498759259531803940666205561931625563237839414979013282455213144980203e-01	2.2239730345250899374684619033738802895896569477230635794153187976909995e-01	5.1165007479319216697333095237308977897008526596289652125691877943863688e+09	1.8e+01
5.6145324039983360037200432479980008986898036396642949870412419828478109e-01	1.7639454519492307767966434181120016747503367507306308298372257476041665e-01	4.7870984308939396648265883603114440175526174797534451764730698217741177e+09	1.9e+01
6.4950691062505023528039525359157695688094926474074585942236189923623378e-01	1.4117142902659667054778345617372829725281423758128343411689889866301515e-01	4.271770014386702958594074055349655178084309625907429423441669207945592e+09	2.0e+01
7.2541966842817371805301813515552822746933274779425636861603690782571693e-01	1.2511602716313003061781859169798863117024246238722175816811937995217205e-01	3.6344607074896013594483227479976378893303455212312963909012125213308466e+09	2.1e+01
7.889053860364449665357677852817975675162009985430689315966449984258709e-01	1.0580874504485996025574558386662398684975113522102698373529481535399939e-01	2.9482935276803594327172232932477723971384016988350845616869391548202563e+09	2.2e+01
8.4138002997677731535944371656617789446722265846043051993635522700002819e-01	8.4815226592075882459272040986510416738295093934670390861869649441418861e-02	2.2805469282133805856855454148119259534870369547798629252839023912570475e+09	2.3e+01
8.8417416641862010487337998553434123758388943732462058578011748771810078e-01	6.4411333090224890755002735116070723404932339057657715518881468665864796e-02	1.6850980352864385893862612584635428008382098886868542207936302245748301e+09	2.4e+01
9.1805329483772973992751244363087477132113191753924481507672132624391541e-01	4.6583603830157175408913054151430874182525213056667095744666535017574633e-02	1.1949988512971655004481721225307063681075642354314506130029277821240012e+09	2.5e+01
9.4373511296407152235163561739892493197638815998588462220137853045162997e-01	3.2362659804423928765293604555494342120230241220554483423358031889413023e-02	8.1910775603919494448096092615441539394628453837361278577734856713342667e+08	2.6e+01
9.6232504816828340057226808878054010991523918509722557799472901506195518e-01	2.1804812387401712068757611618276858675241912645889684079556525958556186e-02	5.4697818485019804242150413009694048364585924255262504843105574762365089e+08	2.7e+01
9.7525033578349257327956809652962549824180845192197875825310827284638604e-01	1.4371623025357466233779978007948267821187901235789998219887323866251398e-02	3.5842155969282037899649694939575441245075322593543828271320207651252413e+08	2.8e+01
9.8396165552058696701936579800135810978851047392137877152435799388003011e-01	9.3300665532786987633994699321240357354836013006932352665317051566302031e-03	2.31816139700663263969820856133704646389511594221181106228226256119748e+08	2.9e+01
9.8970331670189215048927297634713175656184376490300423023284638269045535e-01	5.9961508904045195222682908330378456131126479547362234915599932902704534e-03	1.4862433105705155498212470482886219320172444260579560550746004775141464e+08	3.0e+01
9.9343036977027584648405113121230251621900628507956180750127352686371576e-01	3.8281221359717645225789789612271571630214072782012833462829229069433621e-03	9.4741584660551535038751144670881118509265447887170010982096617136192267e+07	3.1e+01
9.958253165492330795718307267851872977062109107208161515303727323979025e-01	2.433559093953958730626880088316749277061272359109960387990060025006935e-03	6.0169555854061318358055174030664375708001078496122784395004260676460797e+07	3.2e+01
9.9735415382005275622746124410033675436430019110264111904150227015462614e-01	1.5427957857554624360690730558576753949184522378283076501406271988033178e-03	3.812219600603799198979971011732706794227775132237890329746601477926732e+07	3.3e+01
9.9832596570758925522472336282862783610080836699376567423725072693993863e-01	9.7637624249169101327395420237230935280648299141039902352450046145304436e-04	2.4116788734848022760276979640564843238612367633487503889419031003287733e+07	3.4e+01
9.9894202779273557411855844896209925963532113622194206292257225451010692e-01	6.1722700676227646204575761285900885748312255089228895348429541772477925e-04	1.5242022043853781948419287347251153042921329444014821964920265243339575e+07	3.5e+01
9.9933189532534709534925444383358539175075160098701289122093811537213084e-01	3.8991321259033057466725779290834643347583445827347741968599545696689976e-04	9.6272261189446076029599690776804290696783186647965334166054680985342198e+06	3.6e+01
9.9957834839695933417760843569312997756639730597190895909729002706756498e-01	2.4620579616213379389304542461681982575375772069470550237987770136346834e-04	6.078457302022122021525831325579363228815068388480068213664868398038847e+06	3.7e+01
9.9973403472276310703587563239615772467510974700084227529942005585549808e-01	1.5541996792302636112366193981783685264415232453448015384317576141803672e-04	3.8369126168380243284082154351573078139852041616504119214013473505278978e+06	3.8e+01
9.998323399123876986650425864534126986638096186740033547439259663792748e-01	9.8093096813687478375359829487171980921826766077417319011538448763907232e-05	2.4216275376452068911355395272197603263493985761999155966149866455680585e+06	3.9e+01
9.9989439569018354512941002287397146246529589523462190371621018425923153e-01	6.1904399964643356842897408104736479628861697177377731803105692559069087e-05	1.5282580975586815430699533434122285224431901235207148437575677819744154e+06	4.0e+01
9.9993356195002922075264360117886289983411393755591990688554574966613809e-01	3.9063750875893167096508351796473406384136042012399793316081005556615854e-05	9.6442675753201501875180952193386300916795802653226456916298298219547074e+05	4.1e+01
9.9995827885364993862643473329675511451760570555107660820069900564981582e-01	2.4649437979884681981460462324987558293414709727209093646542803108904376e-05	6.0861216813052073873273078574327341719178881854287300370102764785641111e+05	4.2e+01
9.9997387602293506770127113475362845483122584033942370327174853896298562e-01	1.5553491452566779007465391696710493466985086151663577932362708473098411e-05	3.8408402388343187168268565317145770272573642696673825688305358524734833e+05	4.3e+01
9.9998371791102750636803859114581440619534037444444339693030956352592019e-01	9.8138872809383652533694448144648892060893192286069617077612904536856529e-06	2.42406660522891116438745367240897162067850259228154261347221978235209e+05	4.4e+01
9.9998992801706718038993306577008771479552496752552026752556863023388425e-01	6.1922627468572942199396339730247341487813225884358997175144931991839014e-06	1.5301043285226885848595270688748970645614585516280563039136212289200109e+05	4.5e+01
9.9999384644631939678305193443306419534648500149378615141240457924795107e-01	3.9071008318607943215364258321891354234845934598388332410498124843771754e-06	9.6603691757020101864904169892332709541240401023129074388960629591135248e+04	4.6e+01
9.9999631885470964693019785781902371260901079156075929205294509239752456e-01	2.4652327456710391175766801695045708060431335097939619723380432912458514e-06	6.1012833196177620400471735559334477591875115672576379312754750328876727e+04	4.7e+01
9.9999787885752409351822830984700397514919586499089098886323166781258029e-01	1.5554641833509286496940958100753580892607664735219964943312975560422245e-06	3.8556276346280824868964976338000913096610738984760454892170466213808388e+04	4.8e+01
9.9999886316015506078986544563681855362365953565133953235044909331701237e-01	9.8143452707870813152900344725205526795714197702069372225391596119630168e-07	2.438705003127580699678925938525636143226113067832902554105583194335662e+04	4.9e+01
9.999994842160744035463585461449766700048871020876989182195350458464986e-01	6.192445079654717760019202977643752346685245250854039901464782789714255e-07	1.5446834069635014407706030613891012482311697705742251007347725619771843e+04	5.0e+01
9.9999987607704053639196342536491273529434480593929568290174179200260194e-01	3.907173420798021274793251202531591397843374733767342446371250508752184e-07	9.8059237992483398876612096226972260477593137819187362560661595276171687e+03	5.1e+01
