0.0	0.0	0.0	0.0
4.8170606628855245068909602380895454262865983196507747995637296385597094e-04	5.0408433810096370164806367348915712901991121650877886596341093290936118e-01	2.3955505292957318879054974270636127331891280094730183386255918699570785e+07	1.0
7.6321582093059318768955409971824553048854417750472101331697582160834967e-04	5.0395782078994748308935179232653909223857662910584803850165726260035789e-01	2.3944452879287343384032742806963487137937146807789984145234868379886785e+07	2.0
1.2090211336269555557336702037678408921752987600497829762917317974900504e-03	5.0375743574951810893491632253879078471806137165172825323756157254161563e-01	2.3926956132990435572149421296532675321715708816107605160436040541718714e+07	3.0
1.8631255444412603736415830950462573755120575504646081676637775979278823e-03	5.0317710316952326563219303647557285326650990616612742345694767552883838e-01	1.6129450028672714144524594988117920334694086618839045845567600569834505e+09	4.0
2.9494584391576842164414476827614668657080729074711773514299260272978566e-03	5.026665575757615721295523257905630036741243749246749028901227107891693e-01	1.6094818353556462118878922336749946467452239427508951785947490331732991e+09	5.0
4.6660705305891216318931613790703737628312629822817917468985302063628225e-03	5.0185956435158015278275330728350790694007299785067314373359124259308556e-01	1.6040127365686884922023716818034860750828689971201699020779543614052081e+09	6.0
7.3739587752172385442170800826943483347733977862060275066166903262578435e-03	5.0058598016950122656811479753032546191729898754494417185121580033407319e-01	1.5953938394267955430651239569391550508708551552574858630014015185968394e+09	7.0
1.1633923521570588834096548790846847168621347648537087316333938991653814e-02	4.9858096842861944452741681835042182172952824975149112585989182238561149e-01	1.5818557207853051498633485068547248366279830359877527231058729230804563e+09	8.0
1.8306934291059579542943780470450202216654720564268733871759027676780781e-02	4.9543665282072306277556810990042369116056641704781889143458774371658513e-01	1.560700509739631475348718535281891052799422173032884594899190648720397e+09	9.0
2.8690105083195180351533169375024053687805239710457876231502915319082989e-02	4.9053541527109478977294206644385520912969664697334382341361754344932349e-01	1.5279092555762202103012795664330591391046643635160679389079979829201162e+09	1.0e+01
4.4679279241622367611378229548060883085908476854736867044487163134505986e-02	4.829671091431828515895709896072789338117244329729642749873755996598888e-01	1.4777178415258726385544283934903483246269593861222103058593101798736142e+09	1.1e+01
6.8911993343567713021514370823130475998242265880805456257401019234689862e-02	4.7144824851048581894479085673657839800998534619570542632617643393259557e-01	1.402366645157077355426729826324781308688001976148137453218015995347174e+09	1.2e+01
1.047673037372839248952000694926562104292596676479728194823265782191673e-01	4.5429595330609404887488961148114043937909959083971729854393969714051764e-01	1.2925100334679099166391016393208233156236746752425254637001779932382193e+09	1.3e+01
1.5598416244363984161428042413840161853899035784483686248568752714302196e-01	4.2956600534939206743272171340277499636560594483271194974704061667531118e-01	1.1391300010099240823013234563141487967258644835208696419319745416517993e+09	1.4e+01
2.2559595490755644111918202585449813050945591147524456337446586479537576e-01	3.955118371717212280578781296494358042053393592066673716189461454770994e-01	9.3780980877566190126801942900357169908323874122491132427633185477122244e+08	1.5e+01
3.1411540809584749922042598392766808413870993393908657399386654232116997e-01	3.5145182267888541744964547876984873547093083298957769951806196943474833e-01	6.9490886612817912492271978845146111730003097097257449037327386119812377e+08	1.6e+01
4.1768873628087963180084145747309488459436383284176459149215653861355916e-01	2.9879865520991123839983591970530196912437806066630361270655641253229709e-01	4.3201210980631041264666136622243982624492395279271592056657537250915107e+08	1.7e+01
5.2782379323230060811166329844861609025869042283699207300025633818891001e-01	2.4150820485638454520351377519856319195049010207380385337194864364378786e-01	1.8280143607039079768587595596999870518503863515395098922892157041294957e+08	1.8e+01
6.3382669980440187334695133790413257084428298417208915486010717286985798e-01	1.8519108892401890026286825608440049132927015876851439580681820096703934e-01	2.1220878256538962542412202530330257839509353871575616847602628762797987e+07	1.9e+01
7.2677513665150059391857145071966242024878078170156481236283662929322295e-01	1.3511962785130148850416468337564828446547137451122847914871091860709791e-01	1.5425634682288469015843803180205366820699236392698956843509406906579079e+08	2.0e+01
8.022233252881842733008161893475038123763340196794612760386304840534635e-01	1.0183361627948249741625111393227939741780405437961974545026378396006414e-01	2.1987294035348408981083074217355665386938596390342902593160929984471409e+08	2.1e+01
8.6013230254318952861655679206601116744722088412375918025082690697845003e-01	8.0491827999448118502815945571289002847578505525627299241306409023061704e-02	2.3015299290104734571749667279592926529356956860644218634174298641767595e+08	2.2e+01
9.0298861439735790752454005221581405046029339149742683218862106628241591e-01	6.1018049150696873008445819019778547983380042811565997106966285083403244e-02	2.0518087459488928167263422553861325055780768304099755358215634368586282e+08	2.3e+01
9.3392637154097016911284242827896785110511094269377621548128660992766193e-01	4.4352502314259490859537278475350524137576953778375902155256779713881048e-02	1.644936739282864819917464138345258140249942503519538579127892111716246e+08	2.4e+01
9.5577593960540572280800053637837416680093649675052385781709716507133811e-01	3.1041618904239848438627468365113623563889966553282513636959578040065686e-02	1.222967647078407685729540568031756391126626283996358252370428071474089e+08	2.5e+01
9.7086104393720249007139155306648178040910367367795216971985348063895685e-01	2.1064026991109870777876025499544471599943017197337419515698842774835944e-02	8.616958837842003284642541938307173452537545424647821983910088691918442e+07	2.6e+01
9.8104680673430937546911036402135411462296303546508251518533251345634721e-01	1.3963289882085559263096270682567371616405101516628097381759768128580674e-02	5.8483356480279716631185111202530776841429798549013153308999241216089093e+07	2.7e+01
9.877924335766150502309990494892542521297696116464721654609470847721179e-01	9.1032406114901951535042729870425967336313130806115141531318216537811631e-03	3.869598080013827508954565800558465249788189023882293843211746196434621e+07	2.8e+01
9.9219234204004190559420494889706796097218776112052108352551049624914977e-01	5.8674870146350901023981005090238926925338466329182696004827988179391727e-03	2.5174647469410868756600452356738401772737684844110967402930550671123542e+07	2.9e+01
9.9503061696346847153611692398354457620472794790352287499740687213573877e-01	3.7533097703167535537654541411616989741881462955635209182515950135840191e-03	1.6198297586496091941242252074927695060490934469712292114681398222324278e+07	3.0e+01
9.9684754107087639304561973645010074680514798204339578922852520251256979e-01	2.3890573275816495284482000312175689096559103137654451374204863149204101e-03	1.0348608820110296863559203925922670040172569133968522591933477196496172e+07	3.1e+01
9.9800469600674602611941916701450648393992529545182888536250533803708133e-01	1.5158363008314672745095023150962561972564136497591665599441793893326834e-03	6.5813114957042589049964506878869541689016256895439832498289573462365332e+06	3.2e+01
9.9873918800245315043878830126690327933003434799548702189570335123065317e-01	9.5982283128582486328781067362766861996798254107882210975541197494967734e-04	4.1732844180108800232323429233980812237194721264126868920768750231778732e+06	3.3e+01
9.992043881311238003594415439263242982394693581125361849474436957460214e-01	6.0696728662388832274494286850325531077812508504454110082816809942662522e-04	2.6414147331296501850325640046923872626368090140185562630803681984409713e+06	3.4e+01
9.9949861932613500218801242259492322858098698623146666801431359368871935e-01	3.8351406244259056931579963544510816925248991539684796339876287835877058e-04	1.669851117477920091691205442930363790787551765249545180712491415126271e+06	3.5e+01
9.9968455081783409478396194363156598450722905445078565566815619480826734e-01	2.4219796896629109299252830369040775760626501551123369189602832816316243e-04	1.0548276232469413291309828010443700106674603235415101620012572267182315e+06	3.6e+01
9.9980197918782022158703445036171456302566668655673302273159461589875177e-01	1.5290309594827955451906058559793627351992418985940276141646186229712992e-04	6.6597195919368234280282661370520596661556450923668106997440343110329963e+05	3.7e+01
9.9987611677929774077753083183377472915754766832745398114928996475029713e-01	9.6509805674565128775446430556732540982653314103590314854337214247161397e-05	4.2030066640097029825129795510331571006919562708613726331151525415373894e+05	3.8e+01
9.9992291249667915122212328645838729268729523143646803196880907905990195e-01	6.0907303868242481640533195607693357102862238549396711660725803403323524e-05	2.6516502101436198417082132943305169207540656981049633006200946561179731e+05	3.9e+01
9.9995244579434512200823492558803625791115302110469730569332490106956285e-01	3.8435380166253746362932426714125919338499790366126603748418844515883883e-05	1.6723023121574547436553192999329005796751950530314088799109204904853125e+05	4.0e+01
9.9997108291185593128324188671240722678187215565928617714394290416367733e-01	2.425326338395749065927546089325337281367996811680391801955070776498524e-05	1.0541731625500408942739375248120855683929232488590780663367663052387559e+05	4.1e+01
9.9998284327958882136183684560861702598453402966956441374155600949985454e-01	1.5303641867361979300762139180950798313457810512406903268658518605634773e-05	6.6407943286070791999345722233356290061983230282960438393982390184948726e+04	4.2e+01
9.9999026402454935259191872835558862363278798271852555594108403879646875e-01	9.6562905097876434549349799254267674352436607212477687690844732938733618e-06	4.1791483400218445785705182655531353263583743471838536472821600139769969e+04	4.3e+01
9.9999494637907536130435819414361026597399176300099682366117782779239167e-01	6.0928448832657016862869658773363365304269226290720779746524511372028958e-06	2.62582693493660169956144898768714909323360964968368705284476918535137e+04	4.4e+01
9.9999790081711355884364309495212629523917812032015735743234401721314144e-01	3.844379956138206541422491944114419699536050567566815597896316415192771e-06	1.6456965082217103266050691921450449592278119294538278894733037171947825e+04	4.5e+01
9.999997649701820216138656932978422826809386429892805093683687905689705e-01	2.4256615565619482614040153182550415355038824052666614739267265398724971e-06	1.0272557610778049991526855807880854735505975747994378597334561376386859e+04	4.6e+01
