0.0	0.0	0.0	0.0
4.8158027573268796755975884421757947756535016449467532762210413839203968e-04	4.3008003589763851517751291082434181496813658268080555222145062571495557e-01	1.2577055217918121008394809928408781622801684607186709348027157653713676e+08	1.0
7.6303476318406731381166583155685132154002604964249253967253226566693243e-04	4.2996760186959505766195957097212586677509867699808442433483295515155277e-01	1.2573416499862951288087373668212820735157450991761637365710447036107593e+08	2.0
1.2087800702970375236382864612853832487639792095952633393837941512124269e-03	4.2978952650566764078485445290441035074373773344981409453663202573890233e-01	1.2567653283116638583712222158289423020298214207603136302679826754127419e+08	3.0
1.9144110846874722979481042737552410035316243877975509444235969849011475e-03	4.295075985032947690776058442891559432385940263216107809589154300609287e-01	1.2558528641213796736947747753038034740422045738152697468959474261942357e+08	4.0
3.0306866570232105228130961785426175969940229463626324238392642378589166e-03	4.2906153078142825927423552524182504786071657146403106235634352879175965e-01	1.2544090731712586750283996869931469433272007445875138977716023354364109e+08	5.0
4.7946732005777759735470615576700763768183267895318082789141793598873662e-03	4.283564587997381654457733166044292942982167625889821567370104728140677e-01	1.2521267486666709912036023868792520082367093252975263385463871037760096e+08	6.0
7.5774401243975430205770474816887585684418792614149115830930157471500663e-03	4.2724373644993370395863086413318431707727139078882851590947508957655502e-01	1.248524337839797404942041975841732084635188704074271039150914939043835e+08	7.0
1.1955565019378869240973904173810300914810618955919591969800084298182583e-02	4.2549200013166299318825999897784422165514014370320148478455264257055321e-01	1.2428518921987931890167321666241390214825777930979204050378243231875158e+08	8.0
1.8792983498531989465577838512750979751307868769797644511332183733364229e-02	4.2351698276047337581113145430039751384092599760376342584916795027435178e-01	3.1436860946531585133752265841955105996429274613826265417107180432013966e+09	9.0
2.9451443240333540307548557200688723961476339903954936252118261401954557e-02	4.194236123781112315517839551384505559036978327575944353422098282432261e-01	3.1485443639177225667802351585903273090877801223175140646371274906745329e+09	1.0e+01
4.586396688619880967829340966654377117379576792400639894760879028606111e-02	4.13104741524985873582979521746947901638129886058984080581854231142178e-01	3.1549377467835462020394573585717788276625143700673064339544713133061481e+09	1.1e+01
7.0736887268803442142608932839181579719600981766040207507860846900623741e-02	4.0349159269031993288556340397371851630685905490006620705204836932965933e-01	3.162100488196578266092592882683292734353220303321794601146996363737299e+09	1.2e+01
1.0753597917770795756714051771867702780611601232477048875053372332299879e-01	3.8918457736305016007323328335265054018113919068413013715079641086717691e-01	3.167068100063639334476737277082924365687931389675530433785825677976541e+09	1.3e+01
1.6009230484556331877867649232160723641776336913208111797824653518701478e-01	3.6856793133658131379829132317435009580664034619140118677301096968282982e-01	3.1623507395931274550433394402429337469212062751680059794972291380599302e+09	1.4e+01
2.3150307777599912792814320483213362216192208221804868588025381432287944e-01	3.4018579000678529149959385380930966850833409415157483496102970345637478e-01	3.133145458421360025988507291125421947807777272999813475561397762778437e+09	1.5e+01
3.2225775709114915654178278392843033652671550639033085798211849895093659e-01	3.0344620663962640964134293502114573291334295640413021671503828215918374e-01	3.0566078551253918584095139138877282051287079324713558598623929895380975e+09	1.6e+01
4.2832795064561256052653537308880533078155302633363864546446045695212263e-01	2.5945257854104351649285037152525796092592085639789931405321280893774253e-01	2.9074867458240933571048385962061812384708491646308456216329393590112426e+09	1.7e+01
5.4087846110223338706744368162239776386565729007780074084435223546240298e-01	2.113761393029633020536410919362875377764161316711384116034411870267807e-01	2.6712536306100963043549899537233264179787873310318993906775189910431837e+09	1.8e+01
6.487775889265093713995890088201699651614609306503933154310844536980217e-01	1.6377421213497314166989758535353626954277565700620866973182535150394029e-01	2.3562497496715853142960224649823418237667341418705307496660284241548216e+09	1.9e+01
7.4270258440505524007337756889107750861597109885175646393780524920738535e-01	1.2101517703875867307566939438171183534023345639381508282482001018294966e-01	1.9924272814436126254685176294576989566975216343846658393174936223619001e+09	2.0e+01
8.1796361450081070744745591002578537056625817862352989539030072270538033e-01	8.5836262950682872000219712170932868318205832704399048427785654460344364e-02	1.6170585806849588708446458059269556581486877446961102396012614827823854e+09	2.1e+01
8.7452329071316381141137911979456602216014774663028641501014104377610394e-01	5.892544577072888988423392607280667212972292464989082046732150198665452e-02	1.2612939333190227087643053444435414699602662532047914665879109208928424e+09	2.2e+01
9.1515738264995293037862786553783030253659025168754621071190954987875702e-01	3.946240388837501668153186835414021882879894872844784366967104367599227e-02	9.4606714746553267530635746307877274925821592056667197528643881827823946e+08	2.3e+01
9.4349097905736329181893285628811211980697581355266051202306568277538968e-01	2.5952422900497871281274455042519363898080718250267807047417013344257248e-02	6.8328601196323089296104365259537653582381956157214709596673619713139733e+08	2.4e+01
9.6283866497953552535318885537761904390597093416650006297133947857112585e-01	1.6845780037328954915023349699334489356928864405520044712488582139387321e-02	4.7680623064294623596583222717730119109426034967871054038501639874463602e+08	2.5e+01
9.7582783451439911213430821836427293980478438047011279081753077797390183e-01	1.1543424695685853900676548585313471820496512118228179273723893529590461e-02	3.2325251597288078643155900093929720153449878655148501755559222513106655e+08	2.6e+01
9.8441809429322892404464796574798373852154161231162094093830279187677958e-01	7.7438787884631743295347684334213311511519022923214309488690724071117038e-03	2.1429001232450643972932889131675370525797048750510494703097966738995142e+08	2.7e+01
9.9002607012954671569622489344015922613418708924629244549015045361130046e-01	5.0899307616290107428578192362798659846123074298926840054292063038997008e-03	1.3975314944068408502990117837707517788743759738774664915712460716309919e+08	2.8e+01
9.9364935680179478172619849683378467286503196842648834819895246381723284e-01	3.2985957307887913301827272771540747721481922202541125891590805843760497e-03	9.0112559552633284780442650710768989290372915237910032343389194616229849e+07	2.9e+01
9.9597232678245841824526184037974446992434621461527820079729117960571665e-01	2.1175541232950979699936047878832393624674279450949807421310236393037698e-03	5.7662268917295739831909126318649435823810363615428341436550526635248003e+07	3.0e+01
9.9745354210946127351646255704911225056814331585981715229197718342893484e-01	1.350960587595895912275353932616719914355624869180169736293324827448867e-03	3.6713107621957964950106010874114999767924668616738739747463849154195603e+07	3.1e+01
9.9839453722436505176772756445373672028734828906505171524495970772290117e-01	8.5843224160572904669599337576893304609973358368435443556783197985323825e-04	2.3299555286655294575157702315364006693353235876513195517998113364820339e+07	3.2e+01
9.9899087883297660908064195627722906193339716958479808941532524385968463e-01	5.4406504760399765815368396994797503835793272635311364256536523686667928e-04	1.4756593692418589127781186819988639407079548273376321381674803916793487e+07	3.3e+01
9.9936820144994873125603775290561423862900087981647114148241355371341621e-01	3.442569585634303766176788365046219410114768716453686135875369629225587e-04	9.3342178779986865636516376632817336812078787262128213302490908200067084e+06	3.4e+01
9.9960670060466924000881324939887286092579727509451558483693997116935416e-01	2.1760152377820745410249054704871922507519781963345030523387029798608472e-04	5.9000235546957130921118210166270047840008926958229358684409860227167796e+06	3.5e+01
9.9975735350299008016987855714514354822715788959157847100826791041005987e-01	1.3745303942498835663438194802207238964053622474999564405328210042491976e-04	3.7280261427774958781669971237350851179603365988049046330788937640034927e+06	3.6e+01
9.9985247703838502131019393361765666734649116887421999810425450085088703e-01	8.6789132657927962317128590936234373677316697592859343091133845890442125e-05	2.3555239285863631820648241711087402748359671139940707598634608727596137e+06	3.7e+01
9.9991252306241461820330180920840345576480128111646214053784404915488028e-01	5.4785004152847031203953388695447316414907385471979041816011022940862257e-05	1.4887098286467892356871987472845634838963474021875637820234043920211606e+06	3.8e+01
9.9995042035993858929893911968395271360248186810509325961521747575094664e-01	3.4576866782462211266036095329311470436754566375909527298893610782164834e-05	9.414586983920539599145728401762393510666020549266143182660485453550646e+05	3.9e+01
9.9997433624894040527811139166292014368410811943292919207463274781747783e-01	2.1820457680789996412565619944667670307195039593268100194660715673986836e-05	5.9603571936481528286123017977535233779668713888747410041528534544267115e+05	4.0e+01
9.9998942787197158195202937533928365908208357740063780925189920267347734e-01	1.3769342925151666907015023948676436973168019257704029706131951497168152e-05	3.7803642824653283535141263390315104128505887595693138312252497622235104e+05	4.1e+01
9.999989507262651024085073678900716038709086846446410305361054331894751e-01	8.6884911613322226486368353733969622514851906373962101017483643401157976e-06	2.4046741543017597191441966848756173618021706314462318336324607962866407e+05	4.2e+01
