0.0	0.0	0.0	0.0
5.4703195320926216388217312107543412953091991612382678110270126933971879e-04	5.0673265494868016573234313085776257388774640727350799298071758937823425e-01	9.1309759827845147536899354600708152521340102288490794356617640430432957e+04	1.0
8.6668729250650183716152632874615766996305965869644861832720415291801564e-04	5.065931907387327307351030726971633479555683420409230496861520304380692e-01	9.1306634042469672890546028018138271795632259985703557924185350938014924e+04	2.0
1.3728541681807424506628312245986866987747627298234443217730802306047542e-03	5.0637229216294849895008342527329239094944767020289511170174334434216453e-01	9.1301684327315243259940509450838026776922243448930898592086647880256803e+04	3.0
2.173939739157401809040477392876369762838238575450558958885817100777523e-03	5.0602253614325238255265197048579818635817143311688293927541701480974715e-01	9.1293850392144580264257176682767113318618894704679250062658314728245807e+04	4.0
3.440733097755018287420760540575833379336819962306160278099645051059733e-03	5.0546907485748221102762087705535903399380314550714534871958819899737799e-01	9.1281461582909027337663561855018593597756909203963113363033881154049979e+04	5.0
5.1092630942832207394820365368642557943868755549026555772893331165334439e-03	5.0292817349360027033988069172562747116210524090644002680359474204546806e-01	5.2124839562272972266250837812693963796079461716234910681877029940423187e+05	6.0
8.0728550793141291373268569314465753205592535298060253253216121670549694e-03	5.0155936327684945385007835352417182716910471897231496905934522404516971e-01	5.1953521323444899858294993394904838227684783390015399728671645833993265e+05	7.0
1.2732876087773118981017368691478438497507335647388064609076092250657709e-02	4.9940397848393002052357151624765109664522514077310118619750315950882423e-01	5.168458470226794973459195780280729876634739609877882138083209834051976e+05	8.0
2.002717034818623600066168033718287336598273185483271836116672710634649e-02	4.9602280755546884302007413711853425993363533805244764269172069582770391e-01	5.1264709527896415289255341830691114343954117150018060520831941248666257e+05	9.0
3.1364151933761485028657563931240859031515517800758165180311125403992421e-02	4.9075018944592598987856837144155366598528944152922187073786690315811644e-01	5.0614726652490760198334995008237361540576829610438124153446991433527248e+05	1.0e+01
4.8791961335928490441869520009485256504424776632246432452868516126232381e-02	4.8260442981578939626039067352803244632859620978097189360542049751485146e-01	4.9621558886701513953131456428477852602070512711897528224420057913719604e+05	1.1e+01
7.51371720533554666212831711471527563374469576515962726367761135196332e-02	4.7020161120732879655932740835578373463514245587256146626920693563547942e-01	4.8133561759570594628779401383267832620846483064635011465329406396465741e+05	1.2e+01
1.1397339857080201531973216721874509001047113785722088068661575772331587e-01	4.5173479509191154414586891083534394650154513663565490467572230716220863e-01	4.5967797659616133911243994991046709502432974626254119126657129926250796e+05	1.3e+01
1.6916081297261330272773135388006238879111581651986297778014278572958131e-01	4.2514963727981744701861137931874798480299094020082942340332372402991337e-01	4.2942605268513224206211550511796286047394535960125072117718664943998744e+05	1.4e+01
2.4364784627000986808933000815055306743919771305578195585069370725056879e-01	3.8870367016943103775882384006504411678978177510817387248170204334400186e-01	3.8946361111018163033740249515140761209542523708386457373050182929670766e+05	1.5e+01
3.375158446297280972809173311896484506019879752785717847363490582383627e-01	3.4199102781367069601927810092324253971445400270942491632513870915117804e-01	3.4031219647865255284434534879401387778977440140008295733709965326220385e+05	1.6e+01
4.4610937868429462988422974482620634907696142701785271299077186312838803e-01	2.8705638085528753817029347415670527554430166984490710880579306447132918e-01	2.8479079495643099301403054456381838648132362257858395160406919564293156e+05	1.7e+01
5.5998416279270888839569675686753646996385379363583400586539666658271759e-01	2.2863173255136389781407805093686027309012093657463070465533692477880744e-01	2.2766312605357219928186801861205819845195953454024244156534715440721186e+05	1.8e+01
6.6774302198837700948206825524492007041746106940186476769371575853543888e-01	1.7275486097189612190763187822154511094964744914004702291585683049073756e-01	1.7747976532582847077240956668966384382477934980777635875335546699513836e+05	1.9e+01
7.60273053710808962146656391787181561282999352661535838529291263714266e-01	1.2445695715239870017576257156246691842154006497848595835252129075336779e-01	1.5237358033573145755133805798297599035631396804789422174928193587357942e+05	2.0e+01
8.3336921633125634511824956101400585525270530342516792586631656873041154e-01	8.6208422963784218705085835590748720429002510359181820634370695063145232e-02	1.3221560266711164501152684103417899711826248230991313173545639464186368e+05	2.1e+01
8.874430551531747243589289580729072119912910702556330958901346111837042e-01	5.7954510697855427984597256298419317619518725005120336185016755829957548e-02	1.1688544098128401187768803961237161747737365281748557250692416747881814e+05	2.2e+01
9.2555378126774820890880958544053475886309278906787527913019554135019969e-01	3.8134263650780148993897268172000857708284476796287781941547026149317258e-02	1.0570934998154824742690747206061529784322022906541199729969069745159906e+05	2.3e+01
9.5150542857390694814527970443180099617188661526489601307495723353275939e-01	2.4726674046125316175922931257525591015980072587046355135472793898665799e-02	9.7837387929797703763871415640311275132388832932898179206451637428507678e+04	2.4e+01
9.6875560664549226192044612191577296154494802116436028823905308297025914e-01	1.587742260500328969641677779412488155539849447905505046951340459412556e-02	9.2449704779301351380998453910586187713651301248723927627835548364711224e+04	2.5e+01
9.8002954025146085289059513636494382439665126190418941251009142882859475e-01	1.0130644768080297083466150338573892176538458611066756073050232477523039e-02	8.8847487326422799842710253252799803507120583148086462414536615680531994e+04	2.6e+01
9.8731152725433313135301237882574810691084253459464530187839234463474146e-01	6.4375686064749240588504562955050770415646490553678801553509422215811711e-03	8.6482083314401753726820164174787531288263540570548349254321781344302624e+04	2.7e+01
9.9197736106138150571717511734874674281262867732030914104192862140645858e-01	4.0801485088891381994984256585486699816596526807985892055205048197232421e-03	8.4949147489216690815045985192481127856563594962733902419234500419855432e+04	2.8e+01
9.9495082351715032058477346034647865883674228892740880060124134488083557e-01	2.5817364828196549831180064693733361446226240024688443467104158214163404e-03	8.3964782089776014413865225892712751992885518670032961923374922744427082e+04	2.9e+01
9.9683902515918341920147190076233064296649564011934160993770242540792604e-01	1.6318975895729967526991296244872464837500740127137348029715455694903641e-03	8.3336578100492113390970312170694062271651185108717607041234765072769094e+04	3.0e+01
9.9803529203827802147925163655385110869636203365285716645902935152687988e-01	1.0308278123775392187005926090564952710024927023369870974987979608999112e-03	8.2937301442529586385291364930498143783299823063760553760115318415287411e+04	3.1e+01
9.9879205534480556637072620539856901414158807422082230365945762532195596e-01	6.5087488226678439637632295143686973480454640356357928218029460037349446e-04	8.2684198010034623621716911879351587440934531972140440488014738053590814e+04	3.2e+01
9.9927033069886129402867603991780898392952579407243713431301543684450558e-01	4.1086018134388346735724679187705770268564883014928363668989387740076794e-04	8.25240269468474226039706500737542711565103579169320923911580865140469e+04	3.3e+01
9.995724180109690230942423032391858433408686208485156662915619189598607e-01	2.593092988428245121114130221109451383236716274747212517656547298942504e-04	8.2422776006294832102055773805396833381411459252027046183410209851858605e+04	3.4e+01
9.9976314837866113548300646683728246385080300360242695965669837907732419e-01	1.6364259745704963654717183852710756068554484869029198890908459753005508e-04	8.235881508100621900131021988448591140124901468454537108922368282459168e+04	3.5e+01
9.9988354142387113912563313911291178557526407494529222966067557607437229e-01	1.0326324203946017110826233040903303165495338507618903931244608458087309e-04	8.2318428166121942856382038094376511329568677567892997178460291092764804e+04	3.6e+01
9.9995952435596948020918197508468793646134797486621569670479896075947979e-01	6.5159376771661005199867449977330972328323101853967028271222537339601039e-05	8.2292933662330954833028575825127867330081144725745707665408455616132749e+04	3.7e+01
