0.0	0.0	0.0	0.0
5.3470561217748848512922173625489209772419146031942559177444303197982649e-04	5.2705072216960395363442550998404334765498215914248828811741874214046547e-01	7.2563314699433386715138231194576925590377076106060857685076430209662309e+05	1.0
8.4716724708537684983468794776344570607122803000913144322395818348708068e-04	5.2687553044973542206857855750380128820546747558535290427695483581279876e-01	7.2563332897258880138156903543277590024839015353069925689323482926841841e+05	2.0
1.3419568269589047075048074060575994561023707326376613844945854804378775e-03	5.2659812665248453334433231602479382488814730849430274263700248421494088e-01	7.2563361713996250734577835375530848656024318643286291870899983993260771e+05	3.0
2.1250705861329510813358755234141647228159945672421834647217800520931942e-03	5.2615911393776681852859855175512679413705662365624892278606852834225515e-01	7.256340732308396107781799884713739720266566421691297358534429637687576e+05	4.0
3.3635304656716673115057562461283286953211054946108397334567194131148225e-03	5.2546493488823525538127643409563187435786613548559355140232549096346435e-01	7.2563479452417205297109170078809977079804872395626619273904682155785711e+05	5.0
5.31962801490729614212502428574339089515735042691839325830920271301062e-03	5.2436875716976516811734505296443696715458548943428857056479399120200221e-01	7.256359337913214559873928752127284827112673849967473408878144688800976e+05	6.0
8.4030586424294314042898400066248354605968812717085850777686680877654067e-03	5.2264145545740449024906894181552940922391803419353574062855212305462245e-01	7.25637729667558224861631884314091862841889865538674282350947650775057e+05	7.0
1.3248330041577367751094916331679298188461902705261328530072916264293587e-02	5.1992873054351458676994985178790632357024232529820558426091553414945619e-01	7.2564055174838714397676974423243002116047981822886981909740390798631041e+05	8.0
2.0824924089257268851234127495034911304647255356541924055273454035613895e-02	5.1569059218048389617970247598013678894829297017091302051672345347770008e-01	7.256449647539431468078481351632671089377364310014795425755562128457989e+05	9.0
3.2582634060542581955953755913245099704917092455833770697521083252119701e-02	5.0912277357305115715571121721984113671437298941788519908549286038279912e-01	7.2565181309173971864911440645485208125264971452571374640877832907254662e+05	1.0e+01
5.0616362498010262630590739860969130144255159889169767721785283888565254e-02	4.9907074912576683074974433467504768788264840269547115331203153966865654e-01	7.2566231632741968509540153954305157845655341718737788271735129256046656e+05	1.1e+01
7.7789946901771838469709933175456444483660382020188796405529553589048627e-02	4.8397335745759846866378623889915730884508737799997796930088294630635667e-01	7.2567813923515064311566307708524350435217970211781229793129281729843421e+05	1.2e+01
1.1767405042426424104457101600670436614186251077392418480108077886671559e-01	4.6192052195060965054229179254123317717989787440249867095864877182781703e-01	7.2570134904623030804805576399958024865741116807525074942127502719423152e+05	1.3e+01
1.7404442259199903204223841633324602406912374668862081444747130848317e-01	4.3096434205604691134104089240031660202034994377480279975143084896465935e-01	7.2573410702215730029050413665915241012194931445122289922289399302432122e+05	1.4e+01
2.4170628036765120799111707625561159305716391627486368995757003978176967e-01	3.9829798148146777517296569760539056005162312006471288683511781615174768e-01	7.1334612939971901618782685130823394099827346201858448298156164204473218e+05	1.5e+01
3.3550803963874402609699792526658828630839272061367318589436652093723943e-01	3.4900987903719685011339920814888018278486729004096112061149772145072465e-01	7.1495721843935136516513322907031465517582717569643500251556775868873036e+05	1.6e+01
4.4434096505747481065070083192534276043743921586354601506195719799949428e-01	2.917831350807531973302458730094276022712984661475452559011132314409976e-01	7.1678993528685097036665351983613875949650991872749212136981722679780929e+05	1.7e+01
5.5874550060032158882581704936814161930352102835492323836298665165446276e-01	2.3161147714447133365419746240848601882766698637222505388656252177716262e-01	7.1868396528036885598151216160158937743856243611409136810564412038466741e+05	1.8e+01
6.6719438488930020382109084668383992664451563784679977351130182097740766e-01	1.7458349019117579005367415509637349822283429246519908560051828125359509e-01	7.2046151357156241934706448966294834468474837197302865747765803322510438e+05	1.9e+01
7.6039653845859466258131129557526214779498712809189733193691889297440006e-01	1.2560437544250550509437792445223626036495449321309663192947287842948816e-01	7.2199020984203383738947415844651512498873842511699286360094760829790077e+05	2.0e+01
8.3400646968235456046960195951354892828780031885374195421863979179507758e-01	8.6966120079443050638362185762033451445014492368281387936352985557479947e-02	7.2321332626819392862090522328702260653462916011931584817952143470324251e+05	2.1e+01
8.8838018450784510977433138752687795166900064777581441358416999968754707e-01	5.8476324488129596775545522868687155533589363377798638582732138823354072e-02	7.2413842373524810944762935080607024744065677797087996629765555579399336e+05	2.2e+01
9.2660122592989895628951014160688651278513554376445786141626741854383093e-01	3.8498365701852562437105844743614779803565627827636203079130468759299661e-02	7.2480831126484089674921758498059326098494937066777103558290251695227316e+05	2.3e+01
9.5253976149465972182216491539578387230440227064681863938365755972594794e-01	2.4978207512057609581993259589159280078776578237519602369460161373256579e-02	7.2527685830657039611720008009598613367248237766470240722814175439910106e+05	2.4e+01
9.6972020205997783458937496427174527123634251776890832697619905788458396e-01	1.6047833142839400065883675036443570059323642514372801793624707674656762e-02	7.2559551282138428021642324145711318011363417894227976744515891314419147e+05	2.5e+01
9.8091295140470893532359790216780645343056208729819211097817026070357324e-01	1.024384055824409190201271420656166374319080094302042289292887784804e-02	7.2580747328547838842373815838660382878325585631156164825501816174023952e+05	2.6e+01
9.8812414176996196103839577749477220905094062191995314185412871491119252e-01	6.511559043120508301952554918550519537274509803366343061754101976982494e-03	7.2594612325165290808560281450637339293921857671691668804383297006492319e+05	2.7e+01
9.9273593929333221960979638568144831265967130408607728044994796297341213e-01	4.1279445138225741478862456810745978101651367870830293485534120202540831e-03	7.2603573371394422757597927233511696449269323716843586234357702650771212e+05	2.8e+01
9.9567110391444582213173463981313713719436066695030847508393525122808735e-01	2.6123602999262123180119813909510483069456465207882498437991098945485182e-03	7.2609317049564384890683583359387164923032874283984131580549832163109779e+05	2.9e+01
9.9753333373600511952887664143978256522412749133695930096232560722480871e-01	1.6514120776943353159857222083805297020574231283160206974103173566288376e-03	7.2612978090738583264129876455243686514126683747357472871480187140648789e+05	3.0e+01
9.9871245752394587477381760663784398458341239975317586778269876110783801e-01	1.0432187937102387559230850564997850316464268315129933849013807232076702e-03	7.2615303146065528397743269174048834893103191914942567340573894716911768e+05	3.1e+01
9.9945809370754370499957967492464787352554999022165693624624780096883513e-01	6.5872461230943989202394317466143541352219195753860719823760805436072571e-04	7.2616776258137540131785369525917813230902690711633024830874011147710258e+05	3.2e+01
9.9992922219521523702187680270211317862825211683797031777205575525068292e-01	4.1582569538515329591018887957516452218194971347388840184442633706932658e-04	7.2617708181644099208717387343268747544063988513924382513998361219566707e+05	3.3e+01
