0.0	0.0	0.0	0.0
5.5843091377293527079351712248597000436135354073085858072971078511459005e-04	1.9058753667791833179627756412886896962804396412107719534126028762667482e-01	2.7621800204978881923261982308826156249755492641267047218387344621816895e+06	1.0
8.8473264103186220437885182110212583370737847565605285155557727786111215e-04	1.9051919152854928348496727510311303339388123301213317648346656802768105e-01	2.7621800218848442206926640610053809737076650348389929625877158884855751e+06	2.0
1.4014020142372891135287443586636295350439850131894071223626407632271686e-03	1.9041098262519921813503185953524462012121914812899725808112663219367658e-01	2.7621800240811283292892148791044415425123796220558360908980030433271817e+06	3.0
2.2190545802728078772444406699017385618213429592822476088101161316062792e-03	1.9023976091320332685936705031779579166551296557229737417255554127430936e-01	2.7621800275572572782062065079744205271091167638286365728391131117180781e+06	4.0
3.5119093535135732647712494791053180124479159823096164627881232506668274e-03	1.8996908823035826301818335211061011002165903175042146009720491355213435e-01	2.7621800330546602023554237154370771891587024214063297982878970037646328e+06	5.0
5.5533573716229691610064202454250578191212032150182884996156757036514683e-03	1.8954183806420022861488190194303214703068067296532251622969755963465649e-01	2.7621800417377213784344358734300407764645328663121530691158074945004443e+06	6.0
8.7699316340855833164207821290724660824739561599455468573672551453445977e-03	1.8886901726420317957760819304956852815397471551991316005985327425086772e-01	2.7621800554252735524573407660287701837475369889077818685906965400392799e+06	7.0
1.3820999479785033274770153386072364150083473525180509921171519209704374e-02	1.8781338206045550560525877711853904781438312965958904003577716733155485e-01	2.7621800769343106214671720707926558630002599371425892026468103246132823e+06	8.0
2.1711112342151446434914891496884812097819206966500145901503787055722591e-02	1.8616664304862187803091023094571713449719095584392101603762974899442151e-01	2.7621801105689349897089181058219003462094852739806783413753088698710468e+06	9.0
3.3935716612532990474783178642284259054514917687627567586283962099114229e-02	1.8362065408046368455388288332642033094322994789635284848752596109522044e-01	2.7621801627642945290566782156187132864205618804145977321731239962552471e+06	1.0e+01
5.2640494377769218483488444270734509195366048091349610305614814090911344e-02	1.7973780004249847628079121132886513259271945548484592349565400407680299e-01	2.7621802428118269565281017831200255838990222550525149486895883553733859e+06	1.1e+01
8.0726741874856610055365928036370347770061366916402677497468664677596043e-02	1.739365332866937797470559189288320176656810537363630585452987753742544e-01	2.7621803633852311418258918842646631399852286317748044369818873359127383e+06	1.2e+01
1.2175007226046391624601794141434925799380092544201296895038801640399977e-01	1.6552584124175075004558672041324187497333059659003009202993762450269904e-01	2.762180540195021478774025123500649429876900597792713424212476382992713e+06	1.3e+01
1.7103448299741067602112967763044563316839685256906500002034066538770695e-01	1.5657417022523780479035081061841203588353421097752116339010539019652529e-01	2.7621450651794057800975202930471433401141170387199120760384609122230801e+06	1.4e+01
2.461094410944488856929622027689589949291635932782341289900005019811747e-01	1.4184345091553040837751999914942284860662229202823411666553284227112204e-01	2.7621493339751567745479372162601811900988230104489839396928049748282001e+06	1.5e+01
3.4061595561899428001245625138865962546799713369196295315817127108061082e-01	1.2350628702218961469096714360837607094132298751581607428401082198811854e-01	2.7621545698875498389992747160315352214150478717440353905614549740151738e+06	1.6e+01
4.4989347653920398087819994222032351520348173917142925617843761407609069e-01	1.0256247248913301632471236518321512069147059547153072421841082256354991e-01	2.762160434810022337869539939253527891744123569649258218465257479392982e+06	1.7e+01
5.6452522611987819450359212870278951020798429340210743524160274127960546e-01	8.0868267957042920755088237168546340802185193379966193669778236100317834e-02	2.7621663539936058361353658275191840073663340837874815596708134160974448e+06	1.8e+01
6.7315048318367586154078838877034057157689418535314848179947163796012002e-01	6.0568415787569523664137546568211546299320232018381334366305245177041285e-02	2.7621716978465061173080319915750957437345936666992793348488874952886484e+06	1.9e+01
7.6666493778350247826197487167930494432835476581208148397828711999619434e-01	4.3317991936704761745342375644428772158644534998353956163678374589564566e-02	2.7621760164895919571561885721746838637968150205622743653409042027627055e+06	2.0e+01
8.4082162363918154901814694937986311667424231206147733476553375610960247e-01	2.9831465791154632045016928225227266668219180143837582952920085170684532e-02	2.7621791680315689406732709859668764854467659865381301397893515709147965e+06	2.1e+01
8.95943742943396664868237082796660495996481807111042778137807522572911e-01	1.9964775760071473828653179356146654464405270483009721724944623951993387e-02	2.7621812779369453693296232863209968855145403235006932218478249484914706e+06	2.2e+01
9.3499109401631936328142720879878947113588940422615777347011293169806808e-01	1.3093057503879001530455815993282220255125391307220037267408804410144497e-02	2.762182601999508229769036712909011698657173870103145968305889334359542e+06	2.3e+01
9.6170197669286893899225862121619240755736475354182381819495637636929177e-01	8.4693260874894096676591830868462770794367276814336076060484472580519417e-03	2.7621834000558530116074868828678703657726849845666571865920744860371947e+06	2.4e+01
9.7951995707152040782191637305091933926657890487610502035088037968412217e-01	5.4292487539139526237285122440832120742748613827747268513367776495131364e-03	2.7621838727086574240077202571194083823896336997836538719064857076616139e+06	2.5e+01
9.9119404315330130231508398454192416946043276567763383798754134304343963e-01	3.4602623455825309639539288592688117904122620571031206970000482295409988e-03	2.7621841525151003307831588382671786348722253601154845484563540790025164e+06	2.6e+01
9.987468706132797362231755301589513970049399406776138503784488234618853e-01	2.1972117992661728041206420910651546234286167125860518718232277244060434e-03	2.7621843196867756538733173733099459068170093697004959771330915470749062e+06	2.7e+01
