3.0151134457776362264681206697006242581155321487946413614201542e-01
3.015113445777636226468120669700624258115532158093763187085978e-01
3.0151134457776362264681206697006242581155321766048520886202882e-01
3.01511344577763622646812066970062425811553220415492140814723e-01
3.0151134457776362264681206697006242581155322404877709537693389e-01
3.0151134457776362264681206697006242581155322852678469913481161e-01
3.0151134457776362264681206697006242581155323380852647208991861e-01
3.0151134457776362264681206697006242581155323984618909129830677e-01
3.0151134457776362264681206697006242581155324658583637945282717e-01
3.0151134457776362264681206697006242581155325396819097929096751e-01
3.0151134457776362264681206697006242581155326192948027783468939e-01
3.0151134457776362264681206697006242581155327040233012898708876e-01
3.0151134457776362264681206697006242581155327931668930792405383e-01
3.015113445777636226468120669700624258115532886007674234369591e-01
3.0151134457776362264681206697006242581155329818196921072333093e-01
3.015113445777636226468120669700624258115533079878087116946664e-01
3.0151134457776362264681206697006242581155331794678779681082055e-01
3.0151134457776362264681206697006242581155332798922475648452997e-01
3.0151134457776362264681206697006242581155333804802024788518927e-01
3.015113445777636226468120669700624258115533480593496746616917e-01
3.0151134457776362264681206697006242581155335796327304807962364e-01
3.0151134457776362264681206697006242581155336770425547076123655e-01
3.0151134457776362264681206697006242581155337723159353997172727e-01
3.015113445777636226468120669700624258115533864997451282925626e-01
3.0151134457776362264681206697006242581155339546856211010389535e-01
3.0151134457776362264681206697006242581155340410342761114199063e-01
3.0151134457776362264681206697006242581155341237530121948934592e-01
3.0151134457776362264681206697006242581155342026067727021946839e-01
3.0151134457776362264681206697006242581155342774146277047968925e-01
3.0151134457776362264681206697006242581155343480478274295533456e-01
3.0151134457776362264681206697006242581155344144272171757870863e-01
3.0151134457776362264681206697006242581155344765201078644684852e-01
3.015113445777636226468120669700624258115534534336700555984646e-01
3.0151134457776362264681206697006242581155345879261648744654709e-01
3.0151134457776362264681206697006242581155346373724704387874378e-01
3.0151134457776362264681206697006242581155346827900673276533125e-01
3.0151134457776362264681206697006242581155347243195065509272741e-01
3.0151134457776362264681206697006242581155347621230847508166631e-01
3.0151134457776362264681206697006242581155347963805892287751733e-01
3.0151134457776362264681206697006242581155348272852102149165399e-01
3.0151134457776362264681206697006242581155348550396773963925626e-01
3.0151134457776362264681206697006242581155348798526674217250276e-01
3.0151134457776362264681206697006242581155349019355187043536573e-01
3.0151134457776362264681206697006242581155349214992796403710705e-01
3.0151134457776362264681206697006242581155349387521065806971504e-01
3.0151134457776362264681206697006242581155349538970187685901953e-01
3.0151134457776362264681206697006242581155349671300091417096577e-01
3.015113445777636226468120669700624258115534978638502535236958e-01
3.0151134457776362264681206697006242581155349886001464991154067e-01
3.0151134457776362264681206697006242581155349971819147089357509e-01
3.015113445777636226468120669700624258115535004539498819944319e-01
3.0151134457776362264681206697006242581155350108169615671432665e-01
3.0151134457776362264681206697006242581155350161466219023396743e-01
3.0151134457776362264681206697006242581155350206491419077694082e-01
3.0151134457776362264681206697006242581155350244337850428316579e-01
3.0151134457776362264681206697006242581155350275988158587566356e-01
3.0151134457776362264681206697006242581155350302320125399960852e-01
3.0151134457776362264681206697006242581155350324112653809411931e-01
3.0151134457776362264681206697006242581155350342052364626186015e-01
3.0151134457776362264681206697006242581155350356740582407140266e-01
3.0151134457776362264681206697006242581155350368700513852674761e-01
3.0151134457776362264681206697006242581155350378384449250843948e-01
3.0151134457776362264681206697006242581155350386180844593362897e-01
3.0151134457776362264681206697006242581155350392421168308363086e-01
3.015113445777636226468120669700624258115535039738642149336637e-01
3.0151134457776362264681206697006242581155350401313263616196985e-01
3.0151134457776362264681206697006242581155350404399696538726663e-01
3.0151134457776362264681206697006242581155350406810278187250402e-01
3.0151134457776362264681206697006242581155350408680853132978016e-01
3.0151134457776362264681206697006242581155350410122800742000303e-01
3.0151134457776362264681206697006242581155350411226812472982273e-01
3.0151134457776362264681206697006242581155350412066218475276007e-01
3.0151134457776362264681206697006242581155350412699890052954695e-01
3.0151134457776362264681206697006242581155350413174749029654743e-01
3.0151134457776362264681206697006242581155350413527917815100545e-01
3.0151134457776362264681206697006242581155350413788545286492871e-01
3.0151134457776362264681206697006242581155350413979343705529544e-01
3.0151134457776362264681206697006242581155350414117871034477438e-01
3.0151134457776362264681206697006242581155350414217591416281108e-01
3.0151134457776362264681206697006242581155350414288744447334602e-01
3.0151134457776362264681206697006242581155350414339051376552945e-01
3.0151134457776362264681206697006242581155350414374283664548004e-01
3.0151134457776362264681206697006242581155350414398716559990221e-01
3.0151134457776362264681206697006242581155350414415487599444034e-01
3.0151134457776362264681206697006242581155350414426877291373252e-01
3.0151134457776362264681206697006242581155350414434526762466002e-01
3.0151134457776362264681206697006242581155350414439604863929997e-01
3.0151134457776362264681206697006242581155350414442935179854851e-01
3.0151134457776362264681206697006242581155350414445091558732045e-01
3.0151134457776362264681206697006242581155350414446469201785714e-01
3.015113445777636226468120669700624258115535041444733697891339e-01
3.0151134457776362264681206697006242581155350414447875489972134e-01
3.0151134457776362264681206697006242581155350414448204427377399e-01
3.015113445777636226468120669700624258115535041444840200487725e-01
3.0151134457776362264681206697006242581155350414448518575562392e-01
3.0151134457776362264681206697006242581155350414448586048626296e-01
3.0151134457776362264681206697006242581155350414448624309108783e-01
3.0151134457776362264681206697006242581155350414448645529474634e-01
3.0151134457776362264681206697006242581155350414448657019914864e-01
3.0151134457776362264681206697006242581155350414448663081309287e-01
3.0151134457776362264681206697006242581155350414448666188527246e-01
3.0151134457776362264681206697006242581155350414448667731804729e-01
3.015113445777636226468120669700624258115535041444866847181932e-01
3.0151134457776362264681206697006242581155350414448668812911313e-01
3.0151134457776362264681206697006242581155350414448668963222429e-01
3.0151134457776362264681206697006242581155350414448669026117822e-01
3.0151134457776362264681206697006242581155350414448669050884302e-01
3.0151134457776362264681206697006242581155350414448669059951205e-01
3.0151134457776362264681206697006242581155350414448669062984551e-01
3.0151134457776362264681206697006242581155350414448669063888444e-01
3.0151134457776362264681206697006242581155350414448669064118136e-01
3.015113445777636226468120669700624258115535041444866906416403e-01
3.0151134457776362264681206697006242581155350414448669064169911e-01
3.0151134457776362264681206697006242581155350414448669064170129e-01
3.0151134457776362264681206697006242581155350414448669064170191e-01
3.0151134457776362264681206697006242581155350414448669064170347e-01
3.0151134457776362264681206697006242581155350414448669064170409e-01
3.0151134457776362264681206697006242581155350414448669064170378e-01
3.0151134457776362264681206697006242581155350414448669064170316e-01
3.0151134457776362264681206697006242581155350414448669064170378e-01
3.015113445777636226468120669700624258115535041444866906417044e-01
3.0151134457776362264681206697006242581155350414448669064170409e-01
3.0151134457776362264681206697006242581155350414448669064170502e-01
3.0151134457776362264681206697006242581155350414448669064170502e-01
3.0151134457776362264681206697006242581155350414448669064170533e-01
3.0151134457776362264681206697006242581155350414448669064170564e-01
3.0151134457776362264681206697006242581155350414448669064170471e-01
3.0151134457776362264681206697006242581155350414448669064170471e-01
3.0151134457776362264681206697006242581155350414448669064170378e-01
3.0151134457776362264681206697006242581155350414448669064170316e-01
3.0151134457776362264681206697006242581155350414448669064170347e-01
3.0151134457776362264681206697006242581155350414448669064170284e-01
3.0151134457776362264681206697006242581155350414448669064170347e-01
3.0151134457776362264681206697006242581155350414448669064170347e-01
3.0151134457776362264681206697006242581155350414448669064170284e-01
3.0151134457776362264681206697006242581155350414448669064170284e-01
3.0151134457776362264681206697006242581155350414448669064170409e-01
3.0151134457776362264681206697006242581155350414448669064170347e-01
3.0151134457776362264681206697006242581155350414448669064170347e-01
3.0151134457776362264681206697006242581155350414448669064170284e-01
3.0151134457776362264681206697006242581155350414448669064170347e-01
3.0151134457776362264681206697006242581155350414448669064170284e-01
3.0151134457776362264681206697006242581155350414448669064170253e-01
3.0151134457776362264681206697006242581155350414448669064170284e-01
3.0151134457776362264681206697006242581155350414448669064170316e-01
3.0151134457776362264681206697006242581155350414448669064170347e-01
3.0151134457776362264681206697006242581155350414448669064170316e-01
3.0151134457776362264681206697006242581155350414448669064170502e-01
3.0151134457776362264681206697006242581155350414448669064170284e-01
3.015113445777636226468120669700624258115535041444866906417044e-01
3.0151134457776362264681206697006242581155350414448669064170316e-01
3.0151134457776362264681206697006242581155350414448669064170253e-01
3.0151134457776362264681206697006242581155350414448669064170284e-01
3.015113445777636226468120669700624258115535041444866906417016e-01
3.0151134457776362264681206697006242581155350414448669064170253e-01
3.0151134457776362264681206697006242581155350414448669064170284e-01
3.0151134457776362264681206697006242581155350414448669064170253e-01
3.0151134457776362264681206697006242581155350414448669064170284e-01
3.0151134457776362264681206697006242581155350414448669064170253e-01
3.0151134457776362264681206697006242581155350414448669064170284e-01
3.0151134457776362264681206697006242581155350414448669064170316e-01
3.0151134457776362264681206697006242581155350414448669064170378e-01
3.0151134457776362264681206697006242581155350414448669064170409e-01
3.0151134457776362264681206697006242581155350414448669064170347e-01
3.0151134457776362264681206697006242581155350414448669064170191e-01
3.0151134457776362264681206697006242581155350414448669064170284e-01
3.0151134457776362264681206697006242581155350414448669064170284e-01
3.0151134457776362264681206697006242581155350414448669064170191e-01
3.0151134457776362264681206697006242581155350414448669064170253e-01
3.0151134457776362264681206697006242581155350414448669064170253e-01
3.0151134457776362264681206697006242581155350414448669064170284e-01
3.0151134457776362264681206697006242581155350414448669064170316e-01
3.0151134457776362264681206697006242581155350414448669064170191e-01
3.0151134457776362264681206697006242581155350414448669064170284e-01
3.0151134457776362264681206697006242581155350414448669064170253e-01
3.0151134457776362264681206697006242581155350414448669064170253e-01
3.0151134457776362264681206697006242581155350414448669064170253e-01
3.0151134457776362264681206697006242581155350414448669064170316e-01
3.0151134457776362264681206697006242581155350414448669064170222e-01
3.0151134457776362264681206697006242581155350414448669064170347e-01
3.0151134457776362264681206697006242581155350414448669064170378e-01
3.0151134457776362264681206697006242581155350414448669064170253e-01
3.015113445777636226468120669700624258115535041444866906417016e-01
3.0151134457776362264681206697006242581155350414448669064170409e-01
3.0151134457776362264681206697006242581155350414448669064170284e-01
3.0151134457776362264681206697006242581155350414448669064170316e-01
3.0151134457776362264681206697006242581155350414448669064170347e-01
3.0151134457776362264681206697006242581155350414448669064170378e-01
3.0151134457776362264681206697006242581155350414448669064170409e-01
3.015113445777636226468120669700624258115535041444866906417044e-01
3.0151134457776362264681206697006242581155350414448669064170502e-01
3.0151134457776362264681206697006242581155350414448669064170409e-01
3.0151134457776362264681206697006242581155350414448669064170409e-01
3.0151134457776362264681206697006242581155350414448669064170284e-01
3.0151134457776362264681206697006242581155350414448669064170347e-01
3.0151134457776362264681206697006242581155350414448669064170284e-01
3.0151134457776362264681206697006242581155350414448669064170316e-01
3.0151134457776362264681206697006242581155350414448669064170378e-01
3.0151134457776362264681206697006242581155350414448669064170284e-01
3.0151134457776362264681206697006242581155350414448669064170284e-01
3.0151134457776362264681206697006242581155350414448669064170284e-01
3.0151134457776362264681206697006242581155350414448669064170098e-01
3.0151134457776362264681206697006242581155350414448669064170596e-01
3.0151134457776362264681206697006242581155350414448669064176165e-01
3.015113445777636226468120669700624258115535041444866906421173e-01
3.0151134457776362264681206697006242581155350414448669064371692e-01
3.0151134457776362264681206697006242581155350414448669064959301e-01
3.0151134457776362264681206697006242581155350414448669066837687e-01
3.0151134457776362264681206697006242581155350414448669072244678e-01
3.0151134457776362264681206697006242581155350414448669086572984e-01
3.0151134457776362264681206697006242581155350414448669122054252e-01
3.0151134457776362264681206697006242581155350414448669205049113e-01
3.015113445777636226468120669700624258115535041444866938991097e-01
3.0151134457776362264681206697006242581155350414448669784452752e-01
3.0151134457776362264681206697006242581155350414448670595292445e-01
3.0151134457776362264681206697006242581155350414448672206356051e-01
3.015113445777636226468120669700624258115535041444867531135174e-01
3.0151134457776362264681206697006242581155350414448681132128641e-01
3.0151134457776362264681206697006242581155350414448691770889084e-01
3.0151134457776362264681206697006242581155350414448710766986824e-01
3.0151134457776362264681206697006242581155350414448743960773162e-01
3.0151134457776362264681206697006242581155350414448800810443861e-01
3.0151134457776362264681206697006242581155350414448896366464144e-01
3.0151134457776362264681206697006242581155350414449054185991851e-01
3.0151134457776362264681206697006242581155350414449310571492258e-01
3.0151134457776362264681206697006242581155350414449720648874553e-01
3.015113445777636226468120669700624258115535041445036696700935e-01
3.0151134457776362264681206697006242581155350414451371508987348e-01
3.0151134457776362264681206697006242581155350414452912262838684e-01
3.0151134457776362264681206697006242581155350414455245812652037e-01
3.015113445777636226468120669700624258115535041445873778683346e-01
3.0151134457776362264681206697006242581155350414463903444633496e-01
3.0151134457776362264681206697006242581155350414471461199808525e-01
3.0151134457776362264681206697006242581155350414482402474187904e-01
3.0151134457776362264681206697006242581155350414498081944192249e-01
3.015113445777636226468120669700624258115535041452033298668626e-01
3.0151134457776362264681206697006242581155350414551613939317841e-01
3.015113445777636226468120669700624258115535041459519165184206e-01
3.0151134457776362264681206697006242581155350414655369699866023e-01
3.0151134457776362264681206697006242581155350414737769535180215e-01
3.0151134457776362264681206697006242581155350414849673723949808e-01
3.0151134457776362264681206697006242581155350415000441234235322e-01
3.0151134457776362264681206697006242581155350415202005428074799e-01
3.0151134457776362264681206697006242581155350415469465933275385e-01
3.0151134457776362264681206697006242581155350415821785851302605e-01
3.015113445777636226468120669700624258115535041628260572909685e-01
3.015113445777636226468120669700624258115535041688118530847796e-01
3.0151134457776362264681206697006242581155350417653483188622574e-01
3.0151134457776362264681206697006242581155350418643383116726974e-01
3.0151134457776362264681206697006242581155350419904073584649889e-01
3.0151134457776362264681206697006242581155350421499584687571868e-01
3.0151134457776362264681206697006242581155350423506482738513329e-01
3.015113445777636226468120669700624258115535042601571888994051e-01
3.0151134457776362264681206697006242581155350429134622971442879e-01
3.0151134457776362264681206697006242581155350432989027916827442e-01
3.0151134457776362264681206697006242581155350437725503561152967e-01
3.0151134457776362264681206697006242581155350443513671308400615e-01
3.0151134457776362264681206697006242581155350450548563311155751e-01
3.0151134457776362264681206697006242581155350459052981512019031e-01
3.0151134457776362264681206697006242581155350469279803360453408e-01
3.0151134457776362264681206697006242581155350481514172466847293e-01
3.0151134457776362264681206697006242581155350496075504154677261e-01
3.0151134457776362264681206697006242581155350513319228123405419e-01
3.0151134457776362264681206697006242581155350533638183569705182e-01
3.0151134457776362264681206697006242581155350557463576484593072e-01
3.0151134457776362264681206697006242581155350585265404812516054e-01
3.0151134457776362264681206697006242581155350617552255089142226e-01
3.0151134457776362264681206697006242581155350654870374418665343e-01
3.0151134457776362264681206697006242581155350697801924533254046e-01
3.0151134457776362264681206697006242581155350746962330479589761e-01
3.0151134457776362264681206697006242581155350802996645426187732e-01
3.0151134457776362264681206697006242581155350866574865334499554e-01
3.0151134457776362264681206697006242581155350938386142854986509e-01
3.0151134457776362264681206697006242581155351019131868766452354e-01
3.0151134457776362264681206697006242581155351109517611434300395e-01
3.015113445777636226468120669700624258115535121024392986627929e-01
3.0151134457776362264681206697006242581155351321996103617749433e-01
3.01511344577763622646812066970062425811553514454328525471097e-01
3.015113445777636226468120669700624258115535158117415063400531e-01
3.0151134457776362264681206697006242581155351729788270028777937e-01
3.0151134457776362264681206697006242581155351891778223387215151e-01
3.0151134457776362264681206697006242581155352067567803469170574e-01
3.0151134457776362264681206697006242581155352257487447997408658e-01
3.0151134457776362264681206697006242581155352461760183909528178e-01
3.0151134457776362264681206697006242581155352680487927416507058e-01
3.0151134457776362264681206697006242581155352913638433763198316e-01
3.0151134457776362264681206697006242581155353161033202389971808e-01
3.0151134457776362264681206697006242581155353422336648538811196e-01
3.0151134457776362264681206697006242581155353697046850578909282e-01
3.0151134457776362264681206697006242581155353984488172952858282e-01
3.015113445777636226468120669700624258115535428380604735753759e-01
3.015113445777636226468120669700624258115535459396416947457147e-01
3.0151134457776362264681206697006242581155354913744335379344708e-01
3.0151134457776362264681206697006242581155355241749101045527296e-01
3.0151134457776362264681206697006242581155355576407400722177185e-01
3.0151134457776362264681206697006242581155355915983206224072483e-01
3.0151134457776362264681206697006242581155356258587250394502575e-01
3.0151134457776362264681206697006242581155356602191775424360179e-01
3.015113445777636226468120669700624258115535694464820176434732e-01
3.0151134457776362264681206697006242581155357283707547606778054e-01
3.0151134457776362264681206697006242581155357617043363993033183e-01
3.0151134457776362264681206697006242581155357942276888224172507e-01
3.0151134457776362264681206697006242581155358257004060116761991e-01
3.0151134457776362264681206697006242581155358558823993402835727e-01
3.0151134457776362264681206697006242581155358845368449767638565e-01
3.0151134457776362264681206697006242581155359114331827043498586e-01
3.0151134457776362264681206697006242581155359363501147124880622e-01
3.015113445777636226468120669700624258115535959078551418889268e-01
3.0151134457776362264681206697006242581155359794244510471279344e-01
3.0151134457776362264681206697006242581155359972115005530926007e-01
3.0151134457776362264681206697006242581155360122835875685442686e-01
3.0151134457776362264681206697006242581155360245070162836524852e-01
3.0151134457776362264681206697006242581155360337724245619351975e-01
3.0151134457776362264681206697006242581155360399963649783702881e-01
3.0151134457776362264681206697006242581155360431225187732403886e-01
3.0151134457776362264681206697006242581155360431225187732403886e-01
3.0151134457776362264681206697006242581155360399963649783702881e-01
3.0151134457776362264681206697006242581155360337724245619352006e-01
3.0151134457776362264681206697006242581155360245070162836524852e-01
3.0151134457776362264681206697006242581155360122835875685442717e-01
3.0151134457776362264681206697006242581155359972115005530925976e-01
3.0151134457776362264681206697006242581155359794244510471279344e-01
3.015113445777636226468120669700624258115535959078551418889268e-01
3.0151134457776362264681206697006242581155359363501147124880653e-01
3.0151134457776362264681206697006242581155359114331827043498555e-01
3.0151134457776362264681206697006242581155358845368449767638565e-01
3.0151134457776362264681206697006242581155358558823993402835727e-01
3.0151134457776362264681206697006242581155358257004060116762022e-01
3.0151134457776362264681206697006242581155357942276888224172476e-01
3.0151134457776362264681206697006242581155357617043363993033214e-01
3.0151134457776362264681206697006242581155357283707547606778085e-01
3.015113445777636226468120669700624258115535694464820176434732e-01
3.0151134457776362264681206697006242581155356602191775424360179e-01
3.0151134457776362264681206697006242581155356258587250394502575e-01
3.0151134457776362264681206697006242581155355915983206224072514e-01
3.0151134457776362264681206697006242581155355576407400722177154e-01
3.0151134457776362264681206697006242581155355241749101045527296e-01
3.0151134457776362264681206697006242581155354913744335379344708e-01
3.015113445777636226468120669700624258115535459396416947457147e-01
3.015113445777636226468120669700624258115535428380604735753759e-01
3.0151134457776362264681206697006242581155353984488172952858251e-01
3.0151134457776362264681206697006242581155353697046850578909282e-01
3.0151134457776362264681206697006242581155353422336648538811227e-01
3.0151134457776362264681206697006242581155353161033202389971839e-01
3.0151134457776362264681206697006242581155352913638433763198316e-01
3.0151134457776362264681206697006242581155352680487927416507089e-01
3.0151134457776362264681206697006242581155352461760183909528178e-01
3.0151134457776362264681206697006242581155352257487447997408689e-01
3.0151134457776362264681206697006242581155352067567803469170574e-01
3.0151134457776362264681206697006242581155351891778223387215151e-01
3.0151134457776362264681206697006242581155351729788270028777968e-01
3.0151134457776362264681206697006242581155351581174150634005342e-01
3.0151134457776362264681206697006242581155351445432852547109607e-01
3.0151134457776362264681206697006242581155351321996103617749464e-01
3.015113445777636226468120669700624258115535121024392986627929e-01
3.0151134457776362264681206697006242581155351109517611434300426e-01
3.0151134457776362264681206697006242581155351019131868766452354e-01
3.0151134457776362264681206697006242581155350938386142854986478e-01
3.0151134457776362264681206697006242581155350866574865334499554e-01
3.0151134457776362264681206697006242581155350802996645426187732e-01
3.0151134457776362264681206697006242581155350746962330479589761e-01
3.0151134457776362264681206697006242581155350697801924533254046e-01
3.0151134457776362264681206697006242581155350654870374418665343e-01
3.0151134457776362264681206697006242581155350617552255089142226e-01
3.0151134457776362264681206697006242581155350585265404812516054e-01
3.0151134457776362264681206697006242581155350557463576484593103e-01
3.0151134457776362264681206697006242581155350533638183569705213e-01
3.015113445777636226468120669700624258115535051331922812340545e-01
3.0151134457776362264681206697006242581155350496075504154677261e-01
3.0151134457776362264681206697006242581155350481514172466847293e-01
3.0151134457776362264681206697006242581155350469279803360453408e-01
3.0151134457776362264681206697006242581155350459052981512019093e-01
3.0151134457776362264681206697006242581155350450548563311155751e-01
3.0151134457776362264681206697006242581155350443513671308400646e-01
3.0151134457776362264681206697006242581155350437725503561152967e-01
3.0151134457776362264681206697006242581155350432989027916827442e-01
3.015113445777636226468120669700624258115535042913462297144291e-01
3.0151134457776362264681206697006242581155350426015718889940479e-01
3.0151134457776362264681206697006242581155350423506482738513329e-01
3.0151134457776362264681206697006242581155350421499584687571899e-01
3.0151134457776362264681206697006242581155350419904073584649858e-01
3.0151134457776362264681206697006242581155350418643383116726943e-01
3.0151134457776362264681206697006242581155350417653483188622574e-01
3.0151134457776362264681206697006242581155350416881185308477991e-01
3.015113445777636226468120669700624258115535041628260572909685e-01
3.0151134457776362264681206697006242581155350415821785851302605e-01
3.0151134457776362264681206697006242581155350415469465933275385e-01
3.015113445777636226468120669700624258115535041520200542807483e-01
3.0151134457776362264681206697006242581155350415000441234235322e-01
3.0151134457776362264681206697006242581155350414849673723949808e-01
3.0151134457776362264681206697006242581155350414737769535180183e-01
3.0151134457776362264681206697006242581155350414655369699866023e-01
3.015113445777636226468120669700624258115535041459519165184206e-01
3.0151134457776362264681206697006242581155350414551613939317903e-01
3.0151134457776362264681206697006242581155350414520332986686167e-01
3.0151134457776362264681206697006242581155350414498081944192249e-01
3.0151134457776362264681206697006242581155350414482402474187873e-01
3.0151134457776362264681206697006242581155350414471461199808556e-01
3.0151134457776362264681206697006242581155350414463903444633496e-01
3.0151134457776362264681206697006242581155350414458737786833429e-01
3.0151134457776362264681206697006242581155350414455245812652068e-01
3.0151134457776362264681206697006242581155350414452912262838684e-01
3.0151134457776362264681206697006242581155350414451371508987286e-01
3.015113445777636226468120669700624258115535041445036696700935e-01
3.0151134457776362264681206697006242581155350414449720648874584e-01
3.0151134457776362264681206697006242581155350414449310571492227e-01
3.0151134457776362264681206697006242581155350414449054185991851e-01
3.0151134457776362264681206697006242581155350414448896366464144e-01
3.0151134457776362264681206697006242581155350414448800810443892e-01
3.0151134457776362264681206697006242581155350414448743960773162e-01
3.0151134457776362264681206697006242581155350414448710766986793e-01
3.0151134457776362264681206697006242581155350414448691770889084e-01
3.0151134457776362264681206697006242581155350414448681132128641e-01
3.015113445777636226468120669700624258115535041444867531135174e-01
3.0151134457776362264681206697006242581155350414448672206356051e-01
3.0151134457776362264681206697006242581155350414448670595292476e-01
3.0151134457776362264681206697006242581155350414448669784452752e-01
3.0151134457776362264681206697006242581155350414448669389911032e-01
3.0151134457776362264681206697006242581155350414448669205049145e-01
3.0151134457776362264681206697006242581155350414448669122054252e-01
3.0151134457776362264681206697006242581155350414448669086572984e-01
3.0151134457776362264681206697006242581155350414448669072244678e-01
3.0151134457776362264681206697006242581155350414448669066837655e-01
3.0151134457776362264681206697006242581155350414448669064959301e-01
3.0151134457776362264681206697006242581155350414448669064371661e-01
3.015113445777636226468120669700624258115535041444866906421173e-01
3.0151134457776362264681206697006242581155350414448669064176165e-01
3.0151134457776362264681206697006242581155350414448669064170596e-01
3.0151134457776362264681206697006242581155350414448669064170129e-01
3.0151134457776362264681206697006242581155350414448669064170253e-01
3.0151134457776362264681206697006242581155350414448669064170284e-01
3.0151134457776362264681206697006242581155350414448669064170284e-01
3.0151134457776362264681206697006242581155350414448669064170378e-01
3.0151134457776362264681206697006242581155350414448669064170316e-01
3.0151134457776362264681206697006242581155350414448669064170316e-01
3.0151134457776362264681206697006242581155350414448669064170316e-01
3.0151134457776362264681206697006242581155350414448669064170284e-01
3.015113445777636226468120669700624258115535041444866906417044e-01
3.015113445777636226468120669700624258115535041444866906417044e-01
3.0151134457776362264681206697006242581155350414448669064170471e-01
3.015113445777636226468120669700624258115535041444866906417044e-01
3.0151134457776362264681206697006242581155350414448669064170471e-01
3.0151134457776362264681206697006242581155350414448669064170347e-01
3.0151134457776362264681206697006242581155350414448669064170378e-01
3.0151134457776362264681206697006242581155350414448669064170316e-01
3.0151134457776362264681206697006242581155350414448669064170284e-01
3.0151134457776362264681206697006242581155350414448669064170347e-01
3.0151134457776362264681206697006242581155350414448669064170222e-01
3.0151134457776362264681206697006242581155350414448669064170284e-01
3.0151134457776362264681206697006242581155350414448669064170347e-01
3.0151134457776362264681206697006242581155350414448669064170284e-01
3.0151134457776362264681206697006242581155350414448669064170222e-01
3.0151134457776362264681206697006242581155350414448669064170347e-01
3.0151134457776362264681206697006242581155350414448669064170284e-01
3.0151134457776362264681206697006242581155350414448669064170284e-01
3.0151134457776362264681206697006242581155350414448669064170347e-01
3.0151134457776362264681206697006242581155350414448669064170284e-01
3.0151134457776362264681206697006242581155350414448669064170191e-01
3.0151134457776362264681206697006242581155350414448669064170284e-01
3.0151134457776362264681206697006242581155350414448669064170316e-01
3.0151134457776362264681206697006242581155350414448669064170222e-01
3.0151134457776362264681206697006242581155350414448669064170253e-01
3.0151134457776362264681206697006242581155350414448669064170191e-01
3.0151134457776362264681206697006242581155350414448669064170284e-01
3.0151134457776362264681206697006242581155350414448669064170253e-01
3.0151134457776362264681206697006242581155350414448669064170191e-01
3.0151134457776362264681206697006242581155350414448669064170316e-01
3.0151134457776362264681206697006242581155350414448669064170409e-01
3.0151134457776362264681206697006242581155350414448669064170347e-01
3.0151134457776362264681206697006242581155350414448669064170316e-01
3.0151134457776362264681206697006242581155350414448669064170284e-01
3.0151134457776362264681206697006242581155350414448669064170253e-01
3.0151134457776362264681206697006242581155350414448669064170284e-01
3.0151134457776362264681206697006242581155350414448669064170253e-01
3.0151134457776362264681206697006242581155350414448669064170284e-01
3.0151134457776362264681206697006242581155350414448669064170253e-01
3.0151134457776362264681206697006242581155350414448669064170191e-01
3.0151134457776362264681206697006242581155350414448669064170284e-01
3.0151134457776362264681206697006242581155350414448669064170284e-01
3.0151134457776362264681206697006242581155350414448669064170378e-01
3.0151134457776362264681206697006242581155350414448669064170409e-01
3.0151134457776362264681206697006242581155350414448669064170284e-01
3.0151134457776362264681206697006242581155350414448669064170502e-01
3.0151134457776362264681206697006242581155350414448669064170316e-01
3.0151134457776362264681206697006242581155350414448669064170316e-01
3.0151134457776362264681206697006242581155350414448669064170347e-01
3.0151134457776362264681206697006242581155350414448669064170253e-01
3.0151134457776362264681206697006242581155350414448669064170378e-01
3.0151134457776362264681206697006242581155350414448669064170284e-01
3.0151134457776362264681206697006242581155350414448669064170316e-01
3.0151134457776362264681206697006242581155350414448669064170316e-01
3.0151134457776362264681206697006242581155350414448669064170316e-01
3.0151134457776362264681206697006242581155350414448669064170316e-01
3.0151134457776362264681206697006242581155350414448669064170409e-01
3.0151134457776362264681206697006242581155350414448669064170284e-01
3.0151134457776362264681206697006242581155350414448669064170316e-01
3.0151134457776362264681206697006242581155350414448669064170378e-01
3.0151134457776362264681206697006242581155350414448669064170347e-01
3.0151134457776362264681206697006242581155350414448669064170284e-01
3.0151134457776362264681206697006242581155350414448669064170347e-01
3.0151134457776362264681206697006242581155350414448669064170316e-01
3.0151134457776362264681206697006242581155350414448669064170347e-01
3.015113445777636226468120669700624258115535041444866906417044e-01
3.0151134457776362264681206697006242581155350414448669064170533e-01
3.0151134457776362264681206697006242581155350414448669064170564e-01
3.0151134457776362264681206697006242581155350414448669064170502e-01
3.0151134457776362264681206697006242581155350414448669064170533e-01
3.0151134457776362264681206697006242581155350414448669064170533e-01
3.0151134457776362264681206697006242581155350414448669064170409e-01
3.0151134457776362264681206697006242581155350414448669064170409e-01
3.0151134457776362264681206697006242581155350414448669064170347e-01
3.0151134457776362264681206697006242581155350414448669064170316e-01
3.0151134457776362264681206697006242581155350414448669064170378e-01
3.0151134457776362264681206697006242581155350414448669064170409e-01
3.0151134457776362264681206697006242581155350414448669064170347e-01
3.015113445777636226468120669700624258115535041444866906417016e-01
3.0151134457776362264681206697006242581155350414448669064170098e-01
3.0151134457776362264681206697006242581155350414448669064169911e-01
3.015113445777636226468120669700624258115535041444866906416403e-01
3.0151134457776362264681206697006242581155350414448669064118136e-01
3.0151134457776362264681206697006242581155350414448669063888351e-01
3.0151134457776362264681206697006242581155350414448669062984551e-01
3.0151134457776362264681206697006242581155350414448669059951173e-01
3.0151134457776362264681206697006242581155350414448669050884302e-01
3.0151134457776362264681206697006242581155350414448669026117822e-01
3.0151134457776362264681206697006242581155350414448668963222429e-01
3.0151134457776362264681206697006242581155350414448668812911282e-01
3.015113445777636226468120669700624258115535041444866847181932e-01
3.0151134457776362264681206697006242581155350414448667731804667e-01
3.0151134457776362264681206697006242581155350414448666188527277e-01
3.0151134457776362264681206697006242581155350414448663081309287e-01
3.0151134457776362264681206697006242581155350414448657019914864e-01
3.0151134457776362264681206697006242581155350414448645529474634e-01
3.0151134457776362264681206697006242581155350414448624309108783e-01
3.0151134457776362264681206697006242581155350414448586048626327e-01
3.0151134457776362264681206697006242581155350414448518575562392e-01
3.0151134457776362264681206697006242581155350414448402004877219e-01
3.0151134457776362264681206697006242581155350414448204427377399e-01
3.0151134457776362264681206697006242581155350414447875489972134e-01
3.0151134457776362264681206697006242581155350414447336978913359e-01
3.0151134457776362264681206697006242581155350414446469201785745e-01
3.0151134457776362264681206697006242581155350414445091558732045e-01
3.0151134457776362264681206697006242581155350414442935179854851e-01
3.0151134457776362264681206697006242581155350414439604863929997e-01
3.0151134457776362264681206697006242581155350414434526762466033e-01
3.0151134457776362264681206697006242581155350414426877291373283e-01
3.0151134457776362264681206697006242581155350414415487599444034e-01
3.0151134457776362264681206697006242581155350414398716559990252e-01
3.0151134457776362264681206697006242581155350414374283664547973e-01
3.0151134457776362264681206697006242581155350414339051376552945e-01
3.0151134457776362264681206697006242581155350414288744447334633e-01
3.0151134457776362264681206697006242581155350414217591416281108e-01
3.0151134457776362264681206697006242581155350414117871034477438e-01
3.0151134457776362264681206697006242581155350413979343705529607e-01
3.0151134457776362264681206697006242581155350413788545286492902e-01
3.0151134457776362264681206697006242581155350413527917815100545e-01
3.0151134457776362264681206697006242581155350413174749029654743e-01
3.0151134457776362264681206697006242581155350412699890052954788e-01
3.0151134457776362264681206697006242581155350412066218475276007e-01
3.0151134457776362264681206697006242581155350411226812472982273e-01
3.0151134457776362264681206697006242581155350410122800742000303e-01
3.0151134457776362264681206697006242581155350408680853132977985e-01
3.015113445777636226468120669700624258115535040681027818725034e-01
3.0151134457776362264681206697006242581155350404399696538726694e-01
3.0151134457776362264681206697006242581155350401313263616196954e-01
3.0151134457776362264681206697006242581155350397386421493366401e-01
3.0151134457776362264681206697006242581155350392421168308363086e-01
3.0151134457776362264681206697006242581155350386180844593362928e-01
3.0151134457776362264681206697006242581155350378384449250843917e-01
3.0151134457776362264681206697006242581155350368700513852674761e-01
3.0151134457776362264681206697006242581155350356740582407140266e-01
3.0151134457776362264681206697006242581155350342052364626185984e-01
3.0151134457776362264681206697006242581155350324112653809411931e-01
3.0151134457776362264681206697006242581155350302320125399960852e-01
3.0151134457776362264681206697006242581155350275988158587566356e-01
3.0151134457776362264681206697006242581155350244337850428316579e-01
3.015113445777636226468120669700624258115535020649141907769402e-01
3.0151134457776362264681206697006242581155350161466219023396774e-01
3.0151134457776362264681206697006242581155350108169615671432696e-01
3.0151134457776362264681206697006242581155350045394988199443159e-01
3.0151134457776362264681206697006242581155349971819147089357509e-01
3.015113445777636226468120669700624258115534988600146499115413e-01
3.015113445777636226468120669700624258115534978638502535236958e-01
3.015113445777636226468120669700624258115534967130009141709664e-01
3.0151134457776362264681206697006242581155349538970187685901953e-01
3.0151134457776362264681206697006242581155349387521065806971504e-01
3.0151134457776362264681206697006242581155349214992796403710705e-01
3.0151134457776362264681206697006242581155349019355187043536541e-01
3.0151134457776362264681206697006242581155348798526674217250276e-01
3.0151134457776362264681206697006242581155348550396773963925657e-01
3.0151134457776362264681206697006242581155348272852102149165399e-01
3.0151134457776362264681206697006242581155347963805892287751702e-01
3.0151134457776362264681206697006242581155347621230847508166662e-01
3.0151134457776362264681206697006242581155347243195065509272772e-01
3.0151134457776362264681206697006242581155346827900673276533156e-01
3.0151134457776362264681206697006242581155346373724704387874378e-01
3.0151134457776362264681206697006242581155345879261648744654709e-01
3.0151134457776362264681206697006242581155345343367005559846491e-01
3.0151134457776362264681206697006242581155344765201078644684852e-01
3.0151134457776362264681206697006242581155344144272171757870894e-01
3.0151134457776362264681206697006242581155343480478274295533456e-01
3.0151134457776362264681206697006242581155342774146277047968956e-01
3.015113445777636226468120669700624258115534202606772702194687e-01
3.0151134457776362264681206697006242581155341237530121948934654e-01
3.0151134457776362264681206697006242581155340410342761114199094e-01
3.0151134457776362264681206697006242581155339546856211010389597e-01
3.015113445777636226468120669700624258115533864997451282925626e-01
3.015113445777636226468120669700624258115533772315935399717279e-01
3.0151134457776362264681206697006242581155336770425547076123655e-01
3.0151134457776362264681206697006242581155335796327304807962395e-01
3.0151134457776362264681206697006242581155334805934967466169201e-01
3.0151134457776362264681206697006242581155333804802024788518927e-01
3.0151134457776362264681206697006242581155332798922475648452997e-01
3.0151134457776362264681206697006242581155331794678779681082117e-01
3.0151134457776362264681206697006242581155330798780871169466671e-01
3.0151134457776362264681206697006242581155329818196921072333124e-01
3.0151134457776362264681206697006242581155328860076742343695941e-01
3.0151134457776362264681206697006242581155327931668930792405477e-01
3.0151134457776362264681206697006242581155327040233012898708938e-01
3.0151134457776362264681206697006242581155326192948027783468939e-01
3.0151134457776362264681206697006242581155325396819097929096782e-01
3.0151134457776362264681206697006242581155324658583637945282748e-01
3.0151134457776362264681206697006242581155323984618909129830677e-01
3.0151134457776362264681206697006242581155323380852647208991861e-01
3.0151134457776362264681206697006242581155322852678469913481192e-01
3.015113445777636226468120669700624258115532240487770953769342e-01
3.01511344577763622646812066970062425811553220415492140814723e-01
3.0151134457776362264681206697006242581155321766048520886202913e-01
3.015113445777636226468120669700624258115532158093763187085978e-01
3.0151134457776362264681206697006242581155321487946413614201542e-01
