-2.490617812891775584763906772765957348196008983300478752575993
-2.4813995127059900521333793252732666210750141548385747073314966
-2.4630516783938864725605103794993345485201459820332462031372281
-2.4357504572893911725356878666169056208442874541416591184415441
-2.3997566378255973706919962915684304003278933949950034814779965
-2.3554116119790618911438768739149707311932655882168640801838937
-2.3031321254241043221600784352263127956569479470802488190634009
-2.2434039253266507763359026156835012492240691485528911437255837
-2.1767744376682132880910883429065026569680390437961326180218871
-2.1038446245264458244302596536768707526279161492742024806261366
-2.0252601864079990254493508031334507497324047762748722857297739
-1.9417022852089382840595350684264560856887931186773900015132111
-1.8538779694711195150911019509183882480718782340664915298792439
-1.7625104852433584128876531809496503231603822967679451067592293
-1.6683296531075481800284688321930921469000715502301904340242354
-1.5720624849805728062095938663168434017866711504526713094902386
-1.4744242034573529719715038536112118695520679235239081465870152
-1.3761098121263365678854617666932045840309733072780594103412717
-1.2777863479613668958465756174302344159701866457001953814229747
-1.1800859271375095495250961690327231300120093728038565681915117
-1.0835996740467009877922070537644223185346961396352151188109028
-9.8887260054387367076193303434733026389948633764519279301387771e-01
-8.9639947918452035262593690702471448779385223535567002639486695e-01
-8.0662173105606629519905491391205861577030783652665193952613839e-01
-7.1992532636082722034727479696024982864334930378839014103147954e-01
-6.3663967473065082489150605773927324524393302721621336996859564e-01
-5.5703746283063813470559252364055947600123334970487200469230061e-01
-4.8133537955289482753827240034741051201360016402095173407766664e-01
-4.0969565433679343086925390725044333217666817528188265672720678e-01
-3.4222832211447692656008921134238952672822182882347549297853754e-01
-2.78994119211002066892507662700477710477266798481815954731252e-01
-2.2000790827745245833844491578093254146885320758834775128320312e-01
-1.6524252696475355452071781754122346910845495350903945744623444e-01
-1.1463295443726954195901664640589868617827462861909806862173399e-01
-6.8080691788489134714306194532525222993304732447618791075504253e-02
-2.5458256705597809729515962936287936101951502392294933263773103e-02
1.3386300963395885552858130699012439798293909267328927106243508e-02
4.8624948091177490755628452411898162950846131381784544407526475e-02
8.0445357625162725740477072012485963089149421649176332293299907e-02
1.090468041434571646961241737596880945915170458295870384009591e-01
1.3463632044224087668439361859130941321960018558221350708502811e-01
1.574251588259641135623829484922628603225399231518869596806883e-01
1.7762558967839110050208614016675526493175814096546769329406869e-01
1.9544805915460216675804070809509702645551983974606493195269856e-01
2.1109871770363329462831394134667374971355566454008078626206176e-01
2.247773218176188026995672595580109077345984542481490539892806e-01
2.366755030697920136491149663670303033202354490892218255411704e-01
2.4697539126805307696231449541625300197042698008392316510413381e-01
2.5584857248544615353762055014510767854015203132011677434598507e-01
2.6345535786349887989986908417398484503113135280641897011122724e-01
2.6994433540961165328148800554154849631625836638445801611143375e-01
2.7545217448176549825314809825054793173778041708157158978058682e-01
2.8010365119986845326926126332274637857041602828891166529420469e-01
2.8401186254685290462629106014943131787592020180578597637074637e-01
2.8727859731049939951861018399266111035838532178233574898989971e-01
2.8999483314361690358177283934400300165570729350876253554832493e-01
2.9224133075431426442674262083493087734420229020041093930422078e-01
2.9408929844733528059591291862243564726896985659728260064481841e-01
2.9560110279299272596032476046389542524056727849760153116326195e-01
2.9683100398061849435954164004563083386713295204685210198986999e-01
2.9782589730748059967134821290474009144490862262312705057025458e-01
2.9862604516324072843675700856402215405411948133428832411320374e-01
2.9926578670978707434447086377520547858861545681141128236977089e-01
2.9977421515712603966485387158494888251883915785967288352403819e-01
3.0017581504344415559767094121054100787952203155696580199545873e-01
3.0049105420156545491245023335948173538388389540661379864909265e-01
3.0073692710865830599044899118013961173037264272256760845609447e-01
3.009274480574781650925985382802621476968291163663777029406297e-01
3.0107409405289211088973286121046260462617358729611358923795719e-01
3.0118619853338513779197978145210961521629903175375149114880015e-01
3.0127129795764631580597581869837021676223093922883523411282489e-01
3.013354340008513635155791365500066158716487946804562159432516e-01
3.013834145976223868319374803348250527680225092314234256347378e-01
3.0141903737508377865603327260863063545377711467102062999153054e-01
3.0144527916730217890962123697942415648536900182359656847512276e-01
3.0146445531900702194452802399430553778663631257545914474357202e-01
3.0147835239813440968113328551195694101770491725148854015197218e-01
3.0148833776795844809981456958185926237648514525669976101944195e-01
3.0149544924260624491450163164066431267374205041327634875706705e-01
3.0150046778417897751148586618144866396441231429643971057535443e-01
3.015039759122745707196696346842355086578406180025264256849527e-01
3.0150640420131728676924268231736602718605765744681177027581784e-01
3.0150806794885996799964674721605454916228870543966697357175185e-01
3.0150919581745419973660100943267284934990178618162359561019589e-01
3.0150995198995166218532269552326598724351592504032409014268054e-01
3.0151045313731587939544784278184284023568104617441963946556169e-01
3.0151078128154733922802606192453425581105711939619321452367592e-01
3.0151099344508048944103255631364068197255294311241355219460829e-01
3.0151112881178885284871225421316128763889067640067378549838806e-01
3.0151121398247175658269533781457404261233273336125051704274361e-01
3.0151126678772781966543081128492387433069360770323831757780793e-01
3.0151129902139537539534816324895856695288481876160831151875446e-01
3.0151131837600195712604106672929002951210303974632272898130437e-01
3.0151132979559656582799960245910548863255963044013641042369723e-01
3.0151133640867231967082373919500458884784040822240570325112344e-01
3.0151134016248587853416916238468566878080861746693690729794007e-01
3.0151134224798954352555565590440308911346338857704715584155223e-01
3.0151134338007186292936037061610172138691086847427943536893083e-01
3.0151134397933914753575762877732795525843277900084353284008741e-01
3.0151134428797491062222465009326279594353544003359839759507944e-01
3.0151134444221207917238740151647307209354454045395812280463951e-01
3.0151134451676469244590076668475629333546057907297414272231136e-01
3.0151134455148611834754192081031245372637074202629509955305753e-01
3.0151134456699385316413015257043142172641702829683484940615099e-01
3.0151134457359720344376750492648370637678870269249651485282922e-01
3.0151134457625786341674293828287461498386682223026443106663878e-01
3.0151134457726236037649954661761697032608126597307335348310331e-01
3.0151134457761297159234565365145936211959681190400555586484964e-01
3.0151134457772397309254613397772177081027341805416522242790154e-01
3.0151134457775493689169819720152209861003017013960263785883056e-01
3.0151134457776218730681740290937282733682508691995170969287663e-01
3.015113445777634843425064412451140241847783713333029296712175e-01
3.0151134457776362263940306239744634965591284108112296643102123e-01
3.0151134457776362271159735247039098431527086675000401602838046e-01
3.0151134457776362242736030294157058511889012856819565479536166e-01
3.0151134457776362297148242281624281704327210088201363134995767e-01
3.0151134457776362255553316076413598349187777745249776588175844e-01
3.0151134457776362240595966259150954877040769285483829794428123e-01
3.0151134457776362270461232486798540672644439805642369256958853e-01
3.0151134457776362287683641641395682909307151286251319762077408e-01
3.0151134457776362271477027210944777932769633918731568289551826e-01
3.0151134457776362248292009544160878796014651516689758772353037e-01
3.0151134457776362245566934666866448133196758155822007878579273e-01
3.0151134457776362263103246403089731422872478886665271480920788e-01
3.015113445777636228106807992042452782756394817400062412535392e-01
3.0151134457776362282931770719981365411670603682996834625332252e-01
3.0151134457776362268825735790737949782018766050608742315951331e-01
3.0151134457776362251927697364818648649010556944937130792979549e-01
3.0151134457776362245750389309360631589539671138024563481798658e-01
3.0151134457776362254064676079411209632331130821345880633909345e-01
3.0151134457776362269792739083912845291734086997432643810524919e-01
3.015113445777636228149061508102383668377094462105029877188523e-01
3.0151134457776362281550300923279344333018224463311690278453413e-01
3.0151134457776362270609215636232796205865078313745270310650711e-01
3.0151134457776362256181529839341607924372518816057552755484483e-01
3.0151134457776362247334413095497513510465798284590918574008441e-01
3.015113445777636224914568378188649226032858405105758953752173e-01
3.0151134457776362260127260340316528196560197182894422178759451e-01
3.0151134457776362273635556161291299240792396338547961810766982e-01
3.0151134457776362281982632383224292140750945820145443307346711e-01
3.0151134457776362280718714740043081165499058618504911394249952e-01
3.0151134457776362270807490822484467245857831723037697810508717e-01
3.0151134457776362257780350165434527407755885911535742644067509e-01
3.0151134457776362248589312086125462372270182913257957081506003e-01
3.0151134457776362247951227876937016875846843097011547518589793e-01
3.015113445777636225605136248046893884919683684519149818605458e-01
3.0151134457776362268642438250139877473687146048971223449910335e-01
3.0151134457776362279331055003888440282707569546741553520332928e-01
3.0151134457776362282809682869163333933686922655396182217315229e-01
3.0151134457776362277426205241776356685985673971115642060236168e-01
3.015113445777636226589367887947757410196266875530386933313087e-01
3.0151134457776362253881671126853210639212325494763931502395208e-01
3.0151134457776362247233567736583066733386562328342644483021233e-01
3.0151134457776362249163806093584951116329233855640413101637277e-01
3.0151134457776362258751513732140408386842539336131561982893214e-01
3.0151134457776362271409371936893950957072671837135812783494617e-01
3.0151134457776362281078302500347471386318434331261514932994012e-01
3.0151134457776362283105490351440552804346574453262691551592207e-01
3.015113445777636227645828084209679511959508514365423197002582e-01
3.0151134457776362264239114507069315783901208461288753949533986e-01
3.0151134457776362252251296544181821539021537670059563250452356e-01
3.0151134457776362246267886177279168069120060544186926501911487e-01
3.0151134457776362249268687083696463401739159587208056999251575e-01
3.0151134457776362259950397613078852950292053856722082652538312e-01
3.0151134457776362273251042977791719279157000829681943975315846e-01
3.0151134457776362282702293373619542539463377606595131713511815e-01
3.0151134457776362283546873937693438322877975305727489824987498e-01
3.0151134457776362275143606508609058876221281891526891480365884e-01
3.0151134457776362261450057726590890584123206397480762460706411e-01
3.0151134457776362249239249459182648605060077953800301268034957e-01
3.015113445777636224480114507710152057873742613472122969599032e-01
3.0151134457776362250690303814432023485695007438483501634224824e-01
3.015113445777636226418449132749895072634160175159969231585689e-01
3.0151134457776362278391588590396498181533483165289014649738047e-01
3.0151134457776362285657354583111511607369502254075677894378109e-01
3.0151134457776362281674195960725494702647898475912082561550349e-01
3.0151134457776362268128681116014865974337444318748520260237275e-01
3.0151134457776362252253914102676100821258370205258315785357917e-01
3.0151134457776362243161077162578337920691597533883156459443713e-01
3.0151134457776362246648085009920209829249198409369875562471369e-01
3.015113445777636226134754274548573199706301591919760875560603e-01
3.0151134457776362278767154260887467143683901005913215445242567e-01
3.0151134457776362287847815454489511693412743655273632945274123e-01
3.0151134457776362281911783919628855304581689884210564891954068e-01
3.0151134457776362263829563397117843675807723348325504754567701e-01
3.0151134457776362245451371887982994628492145052330724373548249e-01
3.0151134457776362240389241851839748029028366342450154447360903e-01
3.0151134457776362253898353681911087905762667711587973273295494e-01
3.0151134457776362277019222540639239595535219251367237146804903e-01
3.0151134457776362291109942206142389217033078983713717071968888e-01
3.0151134457776362282245385429138291838071833022044971275691338e-01
3.0151134457776362255699092700905624370350850080427328341139101e-01
3.0151134457776362236102668125491652699205871762589512104399646e-01
3.0151134457776362246544958402142605496977380075908615221815146e-01
3.0151134457776362280223833466271531891872509336763280308772768e-01
3.0151134457776362296994651492852358424240633000365779592360708e-01
3.0151134457776362267103905614941541383231377381390997750703728e-01
3.0151134457776362228075712947043223093284636305932029875050249e-01
3.0151134457776362256292479949938241218629330385623222991983475e-01
3.0151134457776362312554110345466458941367213917518019042404202e-01
3.0151134457776362229657609488800332017939297014431275977306602e-01
3.015113445777636227556512521714242440438222684144874024168888e-01
3.0151134457776362263382753030887032806220355001064721417879412e-01
3.0151134457776343755283018781924370439265195859103520318590698e-01
3.0151134457776173424290943727690035787183814011130554928612425e-01
3.0151134457775235003146776117275741858950672739325830373187631e-01
3.0151134457771274996020921494858668528857327949058095679882593e-01
3.015113445775722303308388801800541264334208293505980908779607e-01
3.015113445771323236531683210133449301367960158069510703368199e-01
3.0151134457588193794071152589921327787806217248433064705651638e-01
3.0151134457259347111777218680755507586423039706616728984135855e-01
3.0151134456448454109270591325709166588384015725702043978733838e-01
3.0151134454555312431088331923491253140926014573478577868955262e-01
3.0151134450339581776872345866921195494117078662912908542597299e-01
3.0151134441333085680338600801581471641685227158902299087422253e-01
3.0151134422786906484412294262777424267534851494788940683687081e-01
3.015113438583639343552365293769784374813202466353349363730491e-01
3.0151134314382676785308870861964216443333796994562745692757341e-01
3.0151134179914116118867082074007247094210670662756323027685982e-01
3.0151133933088715552300316643936684369721137256203002962077675e-01
3.0151133490320815983109049828335444551406070258040001563621113e-01
3.0151132712800297593466395941232637780486676275462885948473983e-01
3.0151131374241586266617540198364605549043450010815391000548268e-01
3.0151129112115436706159090884570983929586758309503883437887213e-01
3.0151125355039912793980364333635220683684331653584904151512784e-01
3.0151119216256159493753023972660048770689149492522898726505059e-01
3.0151109339523132476270355794401986161315321693659133909373548e-01
3.0151093679142850591397068991022530406349596466945641552433383e-01
3.015106918996074200381180147598958703618888694305091802574985e-01
3.015103139584199576417084685071018221218384475565542787124944e-01
3.0150973796059255567830394853646134205787635457705616261543285e-01
3.0150887057990272239112745575618341340474719035413894016869925e-01
3.0150757931275401587186284722941305978470779276639332334178774e-01
3.0150567802907601066148256760214097423954734442073375954996442e-01
3.0150290794449576045187254113836395873435654863434276184303026e-01
3.0149891281589624675312105436024079426883683941244677343609354e-01
3.0149320692550460785105692708675284992136106133918671150519944e-01
3.014851341557046842427365607341452381002293748114903624935028e-01
3.0147381617059412228543152189447686226684352555643838208914661e-01
3.0145808741557579288789506957341523932263523946987167782387359e-01
3.0143641432990807200676927189940032262601714357442026061992178e-01
3.0140679584861772196139450267886435376795799448746197346651393e-01
3.0136664196179716593371919667343627916415209223082300237220907e-01
3.0131262681635791811945069602854563106872941195296995990507318e-01
3.0124051260616624564813418270894298467612336498716085811156389e-01
3.011449403225468978387670272629978638998533652684874607093871e-01
3.0101918335262515357991696721583050296497043386408229743680709e-01
3.0085485994452730044872027758332785199691436560297189729434858e-01
3.0064160073453304518751584327040863209850330200276793704398923e-01
3.0036666788131810799052126380761615543750356854961808400653406e-01
3.0001452290582131148588257159491950981183348938426635127554756e-01
2.9956634112004566583067525955742412467953763066890144892027547e-01
2.9899947156943827255750944063812493702739236182750128182295772e-01
2.9828684273204817635812804992942164374888314805649230200398726e-01
2.9739631582776013677479225854558026965985476789001997776085909e-01
2.9628998949865083364242942040631139154986032928050688605203681e-01
2.9492346182290864263825511150746902457581371825633503180150738e-01
2.9324505810388468546425365137975979459767315736951575898462944e-01
2.9119503560326067417788966621849904990084547073279343849712745e-01
2.8870477931873735327877591599544392398606894257893521055843069e-01
2.8569600598200474143594132045838393474397470323343924030935229e-01
2.8207999659581159181724187231543669021010054202226524226321102e-01
2.7775688094749312983973069425385354780964474964108860850894898e-01
2.7261500052306560578377513249094379885904964564370478765613806e-01
2.6653037898029305879949430030601543827303181076152655407829257e-01
2.5936633168942987448662903501333508755350797484086369251307571e-01
2.509732476775358708820945857714190410767336160369221993961461e-01
2.4118857847381101498976167881036957668903877178775861321357465e-01
2.2983706870820330810317973398222991541860989870004608628152572e-01
2.1673126272944157831428123949824919796821452210032425511331074e-01
2.016723198603904045585403910223727597007280243128779742778849e-01
1.8445116809616790091316504072320909156175498402902764319814487e-01
1.6485002199729511557992903325370714669864464495014232181542353e-01
1.4264428519142853483896068202777844851121040286767495979369053e-01
1.1760485126549384109058733507097118138164983171830667322083117e-01
8.9500808940089099981015817431273352801905199670650709309791191e-02
5.8102548350784705018326721366837393013086734917477160486622467e-02
2.3185255145991730881280959013651099891645995861217136355554112e-02
-1.5467231872430872300675091468374047231603549568610020453490512e-02
-5.8058235463788646093646471469548266815367486003895788686259754e-02
-1.0477377490721476125081823223694271376627083448498632669047306e-01
-1.5577788113578650344310670436636625709558728356931261967113818e-01
-2.1120776372239007217127748968788349442067096546577048837695014e-01
-2.7116891246590696068612313962085541172699288530708939336390772e-01
-3.3573022633601622699124831537707339074317306157604776798475149e-01
-4.0491927108918443694057639667731432130832989505212673232228969e-01
-4.7871777358465509100919585578911398563014942206757025598361091e-01
-5.5705746534913483332675599738035033153669925060974750323939096e-01
-6.3981638994261095296930257654594507401867558166042982095216298e-01
-7.268157878980274735150693096772852960972474637880274018455837e-01
-8.178176692427356009739462596444819537194051116726810003958617e-01
-9.1252317673542880151853080153594324992713760617738794201188293e-01
-1.0105718329315320545427998552628527196999406201286752890419317
-1.111541751080060402588877555352931432259705351715022581533819
-1.2149508738119882216810768557587221699603548992752408173943524
-1.3202592848604008723369313394573044587847467353691674687475418
-1.4268726180100489814630605739145117659959936485523293159102358
-1.534146564554054978935137033777451426110841107654878292017298
-1.6413924562663197922969117820961549241340585479574999282509274
-1.7478838758768283164471086785918677313712464337532334637740562
-1.8528642219140117875142798147133261325870887984156632740298041
-1.9555551302386615469847942031945668193157944355083057385931476
-2.0551656313365606689270986720841104107771191555394068431071663
-2.1509019011527613183938495125142825015532121621882375744917663
-2.2419774445991315344580603990952713178221933431935324406220991
-2.3276235354548696799493597143540552270646702233340544338613355
-2.4070997247387420261773101834145335552261356564617134660264304
-2.4797042221990424439224359429867039482595542250037251895377353
-2.5447839526686050217569976582139557096683670016488221124957343
-2.6017440908686765538329237528471749227055823547959077091811804
-2.6500568848836832155127515472660675254546472428669493360865468
-2.6892695898958474400812515840103405909761859329425318942958039
-2.7190113496509643139435328885875546836169966293873749589424139
-2.738998883175204216368960978948727328441446074812745516954114
-2.7490408580013278938275694152980383915234561169130976922068777
-2.7490408580013278940194975526051726313409800687944077828434332
-2.7389988831752042169429007922173756442827130307130240886715342
-2.7190113496509643148939793022630245355097850708536257871525617
-2.6892695898958474413991245984047954646870409453910892246115009
-2.6500568848836832171855368144710867428099173790678067865058042
-2.6017440908686765558448652135957888381689911323369285564230204
-2.5447839526686050240893382025338807587134869924824618519547182
-2.4797042221990424465537010882931987119589006647670392023459618
-2.4070997247387420290836289247378439847004856519806412004779206
-2.3276235354548696831048160131247044001072551158050734708929059
-2.2419774445991315378350682551435834086776918373993663557152674
-2.1509019011527613219635442194540903955974783394578884141609104
-2.0551656313365606726597366945198614991399161150327415860013542
-1.9555551302386615508501541353205267160596021768537477840180754
-1.8528642219140117914820570787081574006332596829642945382051057
-1.7478838758768283204872969876218608220627012671427656734912083
-1.6413924562663197963801649120666093581426756341720803952321669
-1.5341465645540549830331051016104946848768398353448510391449982
-1.4268726180100489855486957862353888851790248067684432022804158
-1.3202592848604008763847590298358060227503060911256120315754174
-1.2149508738119882256674285451610700254890298341775761096190967
-1.111541751080060406492083722550178279787412421897419117017696
-1.0105718329315320583433410650676298338664538747781535886114991
-9.1252317673542880519914678328973118002252812220970601699071698e-01
-8.1781766924273560451970343243410316124218486132455538072445094e-01
-7.2681578789802747691338809276088350205727985673408811473645696e-01
-6.398163899426109562099465847663554455328888755377868316405736e-01
-5.5705746534913483640178588663067520737146549705599877030088134e-01
-4.7871777358465509391289114120260126238282679329465829703896821e-01
-4.0491927108918443966932900826802308282289235027575872256250406e-01
-3.3573022633601622954343197830308287934646906991468936252344092e-01
-2.7116891246590696306194286873064626022933795177276612122326696e-01
-2.1120776372239007437260357367838199858505257767134651368441834e-01
-1.5577788113578650547329753001684511171726219813009748010684446e-01
-1.0477377490721476311453617281493699511424793571986686561302708e-01
-5.8058235463788647796670846822952612735375669339419696484702027e-02
-1.5467231872430873849715913552074081632065162473849179711443453e-02
2.3185255145991729478765098149422756935930349079259586271788819e-02
5.810254835078470375430366689091239529002701951289960693180875e-02
8.9500808940089098847045259956545753695762835773506219624803423e-02
1.1760485126549384007797455162509254929824196369499391944195185e-01
1.4264428519142853393889701233287931344039982853517502298231536e-01
1.6485002199729511478361794637934551475032890868124763822812651e-01
1.8445116809616790021193308017530532510830499495572127177583922e-01
2.0167231986039040394393269022770849852699911227597092244482771e-01
2.167312627294415777781416666597798008780384593692804442072759e-01
2.2983706870820330763771604952406324926432644331167334306813122e-01
2.4118857847381101458759636609733176285905543468660791026831108e-01
2.5097324767753587053630224428902550152449577012637805514008276e-01
2.593663316894298741907614042364765453593536642876650439710192e-01
2.665303789802930585475941131007939826824549811425800983445211e-01
2.7261500052306560557038008143729008496876891015539894535366313e-01
2.7775688094749312965986883619421195495051516403875380160227291e-01
2.8207999659581159166641980002823609569270827156096358548064201e-01
2.8569600598200474131012640053717002400463451896104882580190632e-01
2.8870477931873735317437383407477581182264067243398211742811757e-01
2.9119503560326067409171844007153163841084617926290588709167164e-01
2.9324505810388468539351517452288669835520722983514043456242388e-01
2.9492346182290864258050517997282964099645727469658906218572683e-01
2.9628998949865083359554707811448823758211105096646065535796376e-01
2.973963158277601367369491765911856878691131703290347631501974e-01
2.9828684273204817632775853589633925497810187634816510870365287e-01
2.9899947156943827253328155900680000655513966613791679642849817e-01
2.9956634112004566581146343595392345279234473758722097289212497e-01
3.0001452290582131147074195404738642345360938166643668273402808e-01
3.0036666788131810797866402471989277649980079761210035247315489e-01
3.0064160073453304517828952735095661299164728118313192728710634e-01
3.008548599445273004415882338492183104656248721804288822106909e-01
3.010191833526251535744408473745368629551809462226351225951096e-01
3.0114494032254689783459128785704253427494558719412164228644098e-01
3.0124051260616624564497249371070187908760764951844642226267794e-01
3.0131262681635791811707413320883456009695075639594757964177989e-01
3.0136664196179716593194607801243260780080930636082989363965925e-01
3.0140679584861772196008171923713667714404594565289116781024164e-01
3.0143641432990807200580495979031900290453894457486982586916971e-01
3.0145808741557579288719247086504626914576540076313489615994423e-01
3.01473816170594122284923887363287571092972558785425866309886e-01
3.014851341557046842423729554208057430971307878271038794539615e-01
3.0149320692550460785079880969357725003512809954852660198617953e-01
3.0149891281589624675293951292062435707227156487525077747624009e-01
3.0150290794449576045174607943866622183236243845031123469228481e-01
3.0150567802907601066139534902029236934202275639510967011087602e-01
3.0150757931275401587180331455803871847901915342215657791446458e-01
3.015088705799027223910872568901110421040833412777421596335013e-01
3.0150973796059255567827710840597981463203115934886879953007514e-01
3.0151031395841995764169075718983505664212141783899074960835341e-01
3.015106918996074200381064702330625501571837330322119359494365e-01
3.0151093679142850591396326139286698298421777814840885713710241e-01
3.0151109339523132476269884224898165127965636441922740224512443e-01
3.0151119216256159493752728854904750177542543170516033438181557e-01
3.0151125355039912793980182402497108038039354454648852215324598e-01
3.0151129112115436706158980502289005051928440240775360598254621e-01
3.0151131374241586266617474349627813696148908765126725843522618e-01
3.0151132712800297593466357360042400980855609881812016708745226e-01
3.0151133490320815983109027654109931228983911628564355168948002e-01
3.0151133933088715552300304159769911500849824266035867137954498e-01
3.0151134179914116118867075199881633717433656788372085398838997e-01
3.01511343143826767853088671668514766259701451282078796878064e-01
3.015113438583639343552365100274865045719302258153394513140953e-01
3.0151134422786906484412293278164095566077181363966459562639105e-01
3.015113444133308568033860031613505932899697228307166553356435e-01
3.0151134450339581776872345635838022983735208093822418554791981e-01
3.0151134454555312431088331817739488730969204541660063619167031e-01
3.0151134456448454109270591279428829877495004099719281976035587e-01
3.0151134457259347111777218661516559917242585047668243011347487e-01
3.0151134457588193794071152582390247055630925877171390408473927e-01
3.0151134457713232365316832098590748536798362786096687153840548e-01
3.0151134457757223033083888017090199410725349483092049742296819e-01
3.0151134457771274996020921494585877920255956976100932028549195e-01
3.0151134457775235003146776117205880092478420421908196662347614e-01
3.0151134457776173424290943727675729468751632506217326528062369e-01
3.01511344577763437552830187819223887031400290563287686046816e-01
3.0151134457776362263382753030886946755785466480632461335859899e-01
3.0151134457776362275565125217142438851824071849824911415667611e-01
3.0151134457776362229657609488800326706368943620702688116997678e-01
3.0151134457776362312554110345466459219026821636558830599592536e-01
3.0151134457776362256292479949938243761028984830801792722854595e-01
3.0151134457776362228075712947043222528335587689084130544700476e-01
3.0151134457776362267103905614941539575164491519145340362227261e-01
3.0151134457776362296994651492852358199124109744194040694100817e-01
3.0151134457776362280223833466271533161027608630290113609235518e-01
3.0151134457776362246544958402142606512629423332659826062048139e-01
3.0151134457776362236102668125491652442396311226122786929041026e-01
3.0151134457776362255699092700905623299685264606997150683014777e-01
3.0151134457776362282245385429138291053698261074739543123317351e-01
3.0151134457776362291109942206142389357386750273321193596613939e-01
3.0151134457776362277019222540639240431396795561616320056352327e-01
3.0151134457776362253898353681911088705977598521687712340914698e-01
3.0151134457776362240389241851839748200069584115392575911210009e-01
3.0151134457776362245451371887982994108876528508711370702962205e-01
3.0151134457776362263829563397117842886396993211761929919253876e-01
3.0151134457776362281911783919628854794139907579358700413500388e-01
3.0151134457776362287847815454489511769277047344398765081826047e-01
3.0151134457776362278767154260887467714758128180869542306137183e-01
3.0151134457776362261347542745485732680411263136963696264080364e-01
3.0151134457776362246648085009920210210759081687352788101562521e-01
3.0151134457776362243161077162578337796685893952983800992527839e-01
3.0151134457776362252253914102676100290815575630610577002737317e-01
3.0151134457776362268128681116014865354633133464162356780222983e-01
3.015113445777636228167419596072549433695774286092486268393112e-01
3.0151134457776362285657354583111511680028997177474173908893575e-01
3.0151134457776362278391588590396498634206070904851651717668534e-01
3.0151134457776362264184491327498951306552018825708292193214213e-01
3.0151134457776362250690303814432023889304179489568834434638923e-01
3.0151134457776362244801145077101520606583897067295622255624977e-01
3.0151134457776362249239249459182648255786388054415270885038623e-01
3.0151134457776362261450057726590890043614391398812117495525448e-01
3.0151134457776362275143606508609058416863584721308245199340445e-01
3.0151134457776362283546873937693438167212233627390745521691245e-01
3.0151134457776362282702293373619542755173717247341228474000168e-01
3.0151134457776362273251042977791719752931091904782510738125378e-01
3.0151134457776362259950397613078853448456233397762296929115872e-01
3.0151134457776362249268687083696463685088974827653652844452465e-01
3.0151134457776362246267886177279168006173735734731195439032646e-01
3.0151134457776362252251296544181821165241629897183435249924021e-01
3.0151134457776362264239114507069315281283378947201504568851505e-01
3.0151134457776362276458280842096794728324771531593993183566671e-01
3.0151134457776362283105490351440552708959635214406913248881088e-01
3.0151134457776362281078302500347471629515658926684278254154058e-01
3.0151134457776362271409371936893951420779034244091435578384201e-01
3.0151134457776362258751513732140408848780142984003531702456289e-01
3.0151134457776362249163806093584951355523479658821102110561988e-01
3.0151134457776362247233567736583066635342718106344241643448579e-01
3.0151134457776362253881671126853210251291334676200012689934674e-01
3.0151134457776362265893678879477573612113128214694751766133362e-01
3.0151134457776362277426205241776356333548324494824477706386281e-01
3.015113445777636228280968286916333389344212600991714316259978e-01
3.0151134457776362279331055003888440577484053099689371454521147e-01
3.0151134457776362268642438250139877959238436705796021233542602e-01
3.0151134457776362256051362480468939281814160981224973252663037e-01
3.0151134457776362247951227876937017032901465013256922575006923e-01
3.0151134457776362248589312086125462167604766554214040837317518e-01
3.0151134457776362257780350165434526942452950552844793730555442e-01
3.0151134457776362270807490822484466763556755776830273114067773e-01
3.0151134457776362280718714740043080928662468351778388833160894e-01
3.0151134457776362281982632383224292287858201376219914118057219e-01
3.015113445777636227363555616129129970102528083526405972406745e-01
3.0151134457776362260127260340316528715536722015665877747932806e-01
3.0151134457776362249145683781886492534424584383445253490814373e-01
3.0151134457776362247334413095497513364122475125401891995692127e-01
3.0151134457776362256181529839341607429465723016240177006665239e-01
3.0151134457776362270609215636232795661051749631034365119072029e-01
3.015113445777636228155030092327934409428463456982854983825482e-01
3.0151134457776362281490615081023836932184593485706133145681795e-01
3.015113445777636226979273908391284588481529947044501331113823e-01
3.015113445777636225406467607941121016117871604250051288043551e-01
3.0151134457776362245750389309360631645544128322500260816988464e-01
3.015113445777636225192769736481864814600776336176464106064938e-01
3.0151134457776362268825735790737949088195065861322289786590557e-01
3.015113445777636228293177071998136512193354533393401731802294e-01
3.015113445777636228106807992042452826361141885370877689231237e-01
3.0151134457776362263103246403089732243804959590426345407991427e-01
3.0151134457776362245566934666866448507506604505194319355286598e-01
3.0151134457776362248292009544160878204700736556157853369742287e-01
3.0151134457776362271477027210944776948411289200792300631046192e-01
3.0151134457776362287683641641395682862163335810530019063464087e-01
3.015113445777636227046123248679854190318137264816698982433307e-01
3.0151134457776362240595966259150955474870190195232984938120136e-01
3.0151134457776362255553316076413596656661701924994080045803329e-01
3.0151134457776362297148242281624281289636303887337481615223399e-01
3.0151134457776362242736030294157062292204068432554479280720417e-01
3.0151134457776362271159735247039088221985716330104113055629867e-01
3.0151134457776362263940306239744697749018371197384868322925355e-01
3.0151134457776348434250644124512893522385493393688669985049344e-01
3.0151134457776218730681740290948239206588362201030270603487187e-01
3.0151134457775493689169819720206450798926123284217797986525189e-01
3.0151134457772397309254613397986388926356738316668727165665712e-01
3.0151134457761297159234565365871647245553300265774450838704659e-01
3.015113445772623603764995466395598385165245735857774784144729e-01
3.0151134457625786341674293834356371399216367422933582156592343e-01
3.0151134457359720344376750508258701846936087284114230501953898e-01
3.0151134456699385316413015294829503499305436504636811572998233e-01
3.0151134455148611834754192167868626606339135037749858387030028e-01
3.0151134451676469244590076859229565988881761575622710278884173e-01
3.0151134444221207917238740554331033365097210434415876545712778e-01
3.0151134428797491062222465829788378277053842215593139404915684e-01
3.0151134397933914753575764496938457451641657087160409820119999e-01
3.0151134338007186292936040166052944473792533606581705159429619e-01
3.0151134224798954352555571387300756157568979225026884295009904e-01
3.0151134016248587853416926803249057023336105068129012667016827e-01
3.0151133640867231967082392746876597108151952622056747804988466e-01
3.0151132979559656582799993106841193458762037332167514057116216e-01
3.0151131837600195712604162925667564991493010484000009471044084e-01
3.0151129902139537539534910888161222015545690826566746341145897e-01
3.0151126678772781966543237406188388048915459201951458825021115e-01
3.0151121398247175658269787935318294521457246129425134770437901e-01
3.0151112881178885284871632526914472209444623728180739986307596e-01
3.0151099344508048944103898431109844413958680109075448425847305e-01
3.0151078128154733922803607384372689322806632063783660431403155e-01
3.0151045313731587939546323559839277464465642177997033480790573e-01
3.0150995198995166218534606984035413902364022359768845099738188e-01
3.015091958174541997366360861260848385425529186806026755789122e-01
3.015080679488599679996987919037422162971623696743426509912986e-01
3.0150640420131728676931906834271472944099058262626529352377329e-01
3.0150397591227457071978058211900728197474818274054766923987981e-01
3.0150046778417897751164540213637951544619956160558512406507303e-01
3.0149544924260624491472882590716408457063777348932095339560236e-01
3.0148833776795844810013510925650826382948027964447277096980881e-01
3.0147835239813440968158146265507205414639073629283386473452553e-01
3.0146445531900702194514922135055070390100373019190031368148035e-01
3.0144527916730217891047500806372678575427167853724663160239064e-01
3.0141903737508377865719712366129986000462555118118863049950976e-01
3.0138341459762238683351147229951386699616137201971641864198497e-01
3.0133543400085136351769143474250894789834075286378946743136025e-01
3.012712979576463158087893255191907697146572266442439033873753e-01
3.0118619853338513779569999255164964191239882865886171936888372e-01
3.0107409405289211089461708704719423611514697452066967189778598e-01
3.0092744805747816509896663004528658503213127665933885706514815e-01
3.0073692710865830599869570156767220113511076125676656620005079e-01
3.0049105420156545492305932759213707196920471198312400772170047e-01
3.0017581504344415561123115105016266188910613212408932909192383e-01
2.9977421515712603968207675381159451967874570446493717258286178e-01
2.9926578670978707436621058396025430421067627765976981649343489e-01
2.9862604516324072846403202024558073140123113317095965221172736e-01
2.9782589730748059970536474109370484317145988062421612220333558e-01
2.9683100398061849440171880626739666749313982340536009744683645e-01
2.9560110279299272601232110457805308381043846240470125960572266e-01
2.9408929844733528065965398121291694829124903184039288518025647e-01
2.922413307543142645044491502795826002930434171993678531677974e-01
2.8999483314361690367598908155254129112827112646728733657385699e-01
2.8727859731049939963223160261164792403452730989036094297052649e-01
2.8401186254685290476259072371383524599907267822163682631500513e-01
2.8010365119986845343191402688529357171937411013609728428530491e-01
2.754521744817654984462516044564417858148355712961600298867529e-01
2.6994433540961165350957943839397648437838737011575136185178372e-01
2.6345535786349888016793653265338631003537384645038309878592383e-01
2.5584857248544615385110778341164812456764376515937514090753951e-01
2.4697539126805307732711792160204850738891107342311626801556169e-01
2.3667550306979201407157154788321957562190593674863988235716043e-01
2.2477732181761880318643219399785540170979844929420960542246237e-01
2.1109871770363329518672699250240416195330940492554420762440386e-01
1.9544805915460216739548018958747142782889331759456303218125974e-01
1.7762558967839110122630971697378870287823048863517645754277272e-01
1.574251588259641143813546303031799713752022561773368140189413e-01
1.3463632044224087760619657304194444200709691853326268890838198e-01
1.0904680414345716572885928529751129289673544943100428978738153e-01
8.044535762516272689214750977916728475772863367623825192306994e-02
4.8624948091177492034010882753213894366722126074897692346454552e-02
1.3386300963395886965361609592135742798413644201760443176190769e-02
-2.545825670559780817600196393175230009049900376872105691354052e-02
-6.8080691788489133013572748631179448511769133042375142817720268e-02
-1.1463295443726954010570301503924916681188042162847896056606408e-01
-1.652425269647535525104830669666282794101059738994848908722947e-01
-2.2000790827745245616814042018842340478157957560560468754897096e-01
-2.78994119211002064560347074293099029464759364971420332346293e-01
-3.4222832211447692406581220274355948123107461580748689955150259e-01
-4.0969565433679342821427978745792582727459290426925056812982927e-01
-4.8133537955289482472583958447096392466945290836123008834272451e-01
-5.5703746283063813174087980939592565561230303724917609377937068e-01
-6.3663967473065082178173173660865976721987841243205535147357702e-01
-7.1992532636082721710176981102218560736324145468426670149657637e-01
-8.0662173105606629182930656362609334834155601927221925953725021e-01
-8.963994791845203491456000205347591185233414333833756392522403e-01
-9.8887260054387366718680602150398578379242307509129551822643002e-01
-1.0835996740467009841401708808756204336518318475827868508702819
-1.1800859271375095458160149926149114225212456005432960759686225
-1.2777863479613668921021585928405694525015969752137970232465122
-1.3761098121263365641290863832493509957224935684433709689922908
-1.4744242034573529682280020216998625862704609344052611820116735
-1.5720624849805728025050028718969097131487527106696022082814415
-1.668329653107548176389750156264837848486540513043478499788504
-1.7625104852433584093423830313469252664862532652204743931861703
-1.8538779694711195116671381464214580505664600501380817164689412
-1.941702285208938280784665626595778652026573371828280699769525
-2.0252601864079990223509301908205630567313641529940999070407016
-2.1038446245264458215348391425365819420981898138092734839806769
-2.1767744376682132854240472540775752435252887389994421480833394
-2.2434039253266507739210874244431798522211859775721572563337664
-2.3031321254241043200194567283820174968672855804972175277267579
-2.355411611979061889297213005119702952450158918690456758065142
-2.3997566378255973691565552626690112612229790591380444377976276
-2.4357504572893911713259734815942901608830259085902948921419558
-2.4630516783938864716880430814965510502301530205794358105120485
-2.4813995127059900516065183512843231904919913159661902552834386
-2.4906178128917755845877203637323882542248599891070453986680815
