-3.4888888888888888888888888888888888888888888888888888888888888888888878
-3.4777777777777777777777777777777777777777777777777777777777777777777755
-3.4666666666666666666666666666666666666666666666666666666666666666666656
-3.4555555555555555555555555555555555555555555555555555555555555555555533
-3.4444444444444444444444444444444444444444444444444444444444444444444434
-3.4333333333333333333333333333333333333333333333333333333333333333333312
-3.4222222222222222222222222222222222222222222222222222222222222222222212
-3.411111111111111111111111111111111111111111111111111111111111111111109
-3.3999999999999999999999999999999999999999999999999999999999999999999991
-3.3888888888888888888888888888888888888888888888888888888888888888888868
-3.3777777777777777777777777777777777777777777777777777777777777777777769
-3.3666666666666666666666666666666666666666666666666666666666666666666647
-3.3555555555555555555555555555555555555555555555555555555555555555555547
-3.3444444444444444444444444444444444444444444444444444444444444444444425
-3.3333333333333333333333333333333333333333333333333333333333333333333326
-3.3222222222222222222222222222222222222222222222222222222222222222222203
-3.3111111111111111111111111111111111111111111111111111111111111111111104
-3.2999999999999999999999999999999999999999999999999999999999999999999981
-3.2888888888888888888888888888888888888888888888888888888888888888888882
-3.277777777777777777777777777777777777777777777777777777777777777777776
-3.266666666666666666666666666666666666666666666666666666666666666666666
-3.2555555555555555555555555555555555555555555555555555555555555555555538
-3.2444444444444444444444444444444444444444444444444444444444444444444439
-3.2333333333333333333333333333333333333333333333333333333333333333333316
-3.2222222222222222222222222222222222222222222222222222222222222222222217
-3.2111111111111111111111111111111111111111111111111111111111111111111095
-3.1999999999999999999999999999999999999999999999999999999999999999999995
-3.1888888888888888888888888888888888888888888888888888888888888888888873
-3.1777777777777777777777777777777777777777777777777777777777777777777774
-3.1666666666666666666666666666666666666666666666666666666666666666666651
-3.1555555555555555555555555555555555555555555555555555555555555555555552
-3.144444444444444444444444444444444444444444444444444444444444444444443
-3.133333333333333333333333333333333333333333333333333333333333333333333
-3.1222222222222222222222222222222222222222222222222222222222222222222208
-3.1111111111111111111111111111111111111111111111111111111111111111111109
-3.0999999999999999999999999999999999999999999999999999999999999999999986
-3.0888888888888888888888888888888888888888888888888888888888888888888887
-3.0777777777777777777777777777777777777777777777777777777777777777777764
-3.0666666666666666666666666666666666666666666666666666666666666666666642
-3.0555555555555555555555555555555555555555555555555555555555555555555543
-3.0444444444444444444444444444444444444444444444444444444444444444444443
-3.0333333333333333333333333333333333333333333333333333333333333333333321
-3.0222222222222222222222222222222222222222222222222222222222222222222199
-3.0111111111111111111111111111111111111111111111111111111111111111111099
-3.0
-2.9888888888888888888888888888888888888888888888888888888888888888888878
-2.9777777777777777777777777777777777777777777777777777777777777777777755
-2.9666666666666666666666666666666666666666666666666666666666666666666656
-2.9555555555555555555555555555555555555555555555555555555555555555555557
-2.9444444444444444444444444444444444444444444444444444444444444444444434
-2.9333333333333333333333333333333333333333333333333333333333333333333312
-2.9222222222222222222222222222222222222222222222222222222222222222222212
-2.9111111111111111111111111111111111111111111111111111111111111111111113
-2.8999999999999999999999999999999999999999999999999999999999999999999991
-2.8888888888888888888888888888888888888888888888888888888888888888888868
-2.8777777777777777777777777777777777777777777777777777777777777777777769
-2.8666666666666666666666666666666666666666666666666666666666666666666647
-2.8555555555555555555555555555555555555555555555555555555555555555555547
-2.8444444444444444444444444444444444444444444444444444444444444444444425
-2.8333333333333333333333333333333333333333333333333333333333333333333326
-2.8222222222222222222222222222222222222222222222222222222222222222222203
-2.8111111111111111111111111111111111111111111111111111111111111111111104
-2.7999999999999999999999999999999999999999999999999999999999999999999981
-2.7888888888888888888888888888888888888888888888888888888888888888888882
-2.777777777777777777777777777777777777777777777777777777777777777777776
-2.766666666666666666666666666666666666666666666666666666666666666666666
-2.7555555555555555555555555555555555555555555555555555555555555555555538
-2.7444444444444444444444444444444444444444444444444444444444444444444439
-2.7333333333333333333333333333333333333333333333333333333333333333333316
-2.7222222222222222222222222222222222222222222222222222222222222222222217
-2.7111111111111111111111111111111111111111111111111111111111111111111095
-2.6999999999999999999999999999999999999999999999999999999999999999999995
-2.6888888888888888888888888888888888888888888888888888888888888888888873
-2.6777777777777777777777777777777777777777777777777777777777777777777774
-2.6666666666666666666666666666666666666666666666666666666666666666666651
-2.6555555555555555555555555555555555555555555555555555555555555555555529
-2.644444444444444444444444444444444444444444444444444444444444444444443
-2.633333333333333333333333333333333333333333333333333333333333333333333
-2.6222222222222222222222222222222222222222222222222222222222222222222208
-2.6111111111111111111111111111111111111111111111111111111111111111111085
-2.5999999999999999999999999999999999999999999999999999999999999999999986
-2.5888888888888888888888888888888888888888888888888888888888888888888887
-2.5777777777777777777777777777777777777777777777777777777777777777777764
-2.5666666666666666666666666666666666666666666666666666666666666666666642
-2.5555555555555555555555555555555555555555555555555555555555555555555543
-2.5444444444444444444444444444444444444444444444444444444444444444444443
-2.5333333333333333333333333333333333333333333333333333333333333333333321
-2.5222222222222222222222222222222222222222222222222222222222222222222199
-2.5111111111111111111111111111111111111111111111111111111111111111111099
-2.5
-2.4888888888888888888888888888888888888888888888888888888888888888888878
-2.4777777777777777777777777777777777777777777777777777777777777777777755
-2.4666666666666666666666666666666666666666666666666666666666666666666656
-2.4555555555555555555555555555555555555555555555555555555555555555555557
-2.4444444444444444444444444444444444444444444444444444444444444444444434
-2.4333333333333333333333333333333333333333333333333333333333333333333312
-2.4222222222222222222222222222222222222222222222222222222222222222222212
-2.4111111111111111111111111111111111111111111111111111111111111111111113
-2.3999999999999999999999999999999999999999999999999999999999999999999991
-2.3888888888888888888888888888888888888888888888888888888888888888888868
-2.3777777777777777777777777777777777777777777777777777777777777777777769
-2.366666666666666666666666666666666666666666666666666666666666666666667
-2.3555555555555555555555555555555555555555555555555555555555555555555547
-2.3444444444444444444444444444444444444444444444444444444444444444444425
-2.3333333333333333333333333333333333333333333333333333333333333333333326
-2.3222222222222222222222222222222222222222222222222222222222222222222226
-2.3111111111111111111111111111111111111111111111111111111111111111111104
-2.2999999999999999999999999999999999999999999999999999999999999999999981
-2.2888888888888888888888888888888888888888888888888888888888888888888859
-2.277777777777777777777777777777777777777777777777777777777777777777776
-2.266666666666666666666666666666666666666666666666666666666666666666666
-2.2555555555555555555555555555555555555555555555555555555555555555555538
-2.2444444444444444444444444444444444444444444444444444444444444444444416
-2.2333333333333333333333333333333333333333333333333333333333333333333316
-2.2222222222222222222222222222222222222222222222222222222222222222222217
-2.2111111111111111111111111111111111111111111111111111111111111111111095
-2.1999999999999999999999999999999999999999999999999999999999999999999972
-2.1888888888888888888888888888888888888888888888888888888888888888888873
-2.1777777777777777777777777777777777777777777777777777777777777777777774
-2.1666666666666666666666666666666666666666666666666666666666666666666651
-2.1555555555555555555555555555555555555555555555555555555555555555555529
-2.144444444444444444444444444444444444444444444444444444444444444444443
-2.133333333333333333333333333333333333333333333333333333333333333333333
-2.1222222222222222222222222222222222222222222222222222222222222222222208
-2.1111111111111111111111111111111111111111111111111111111111111111111085
-2.0999999999999999999999999999999999999999999999999999999999999999999986
-2.0888888888888888888888888888888888888888888888888888888888888888888887
-2.0777777777777777777777777777777777777777777777777777777777777777777764
-2.0666666666666666666666666666666666666666666666666666666666666666666642
-2.0555555555555555555555555555555555555555555555555555555555555555555543
-2.0444444444444444444444444444444444444444444444444444444444444444444443
-2.0333333333333333333333333333333333333333333333333333333333333333333321
-2.0222222222222222222222222222222222222222222222222222222222222222222199
-2.0111111111111111111111111111111111111111111111111111111111111111111099
-1.9999999999999999999999999999999999999999999999999999999999999999999988
-1.9888888888888888888888888888888888888888888888888888888888888888888878
-1.9777777777777777777777777777777777777777777777777777777777777777777767
-1.9666666666666666666666666666666666666666666666666666666666666666666656
-1.9555555555555555555555555555555555555555555555555555555555555555555545
-1.9444444444444444444444444444444444444444444444444444444444444444444434
-1.9333333333333333333333333333333333333333333333333333333333333333333323
-1.9222222222222222222222222222222222222222222222222222222222222222222212
-1.9111111111111111111111111111111111111111111111111111111111111111111102
-1.8999999999999999999999999999999999999999999999999999999999999999999991
-1.888888888888888888888888888888888888888888888888888888888888888888888
-1.8777777777777777777777777777777777777777777777777777777777777777777769
-1.8666666666666666666666666666666666666666666666666666666666666666666658
-1.8555555555555555555555555555555555555555555555555555555555555555555547
-1.8444444444444444444444444444444444444444444444444444444444444444444436
-1.8333333333333333333333333333333333333333333333333333333333333333333326
-1.8222222222222222222222222222222222222222222222222222222222222222222203
-1.8111111111111111111111111111111111111111111111111111111111111111111092
-1.7999999999999999999999999999999999999999999999999999999999999999999981
-1.7888888888888888888888888888888888888888888888888888888888888888888871
-1.777777777777777777777777777777777777777777777777777777777777777777776
-1.7666666666666666666666666666666666666666666666666666666666666666666649
-1.7555555555555555555555555555555555555555555555555555555555555555555538
-1.7444444444444444444444444444444444444444444444444444444444444444444427
-1.7333333333333333333333333333333333333333333333333333333333333333333316
-1.7222222222222222222222222222222222222222222222222222222222222222222205
-1.7111111111111111111111111111111111111111111111111111111111111111111095
-1.6999999999999999999999999999999999999999999999999999999999999999999984
-1.6888888888888888888888888888888888888888888888888888888888888888888873
-1.6777777777777777777777777777777777777777777777777777777777777777777762
-1.6666666666666666666666666666666666666666666666666666666666666666666651
-1.655555555555555555555555555555555555555555555555555555555555555555554
-1.644444444444444444444444444444444444444444444444444444444444444444443
-1.6333333333333333333333333333333333333333333333333333333333333333333319
-1.6222222222222222222222222222222222222222222222222222222222222222222208
-1.6111111111111111111111111111111111111111111111111111111111111111111097
-1.5999999999999999999999999999999999999999999999999999999999999999999986
-1.5888888888888888888888888888888888888888888888888888888888888888888875
-1.5777777777777777777777777777777777777777777777777777777777777777777764
-1.5666666666666666666666666666666666666666666666666666666666666666666654
-1.5555555555555555555555555555555555555555555555555555555555555555555543
-1.5444444444444444444444444444444444444444444444444444444444444444444432
-1.5333333333333333333333333333333333333333333333333333333333333333333321
-1.522222222222222222222222222222222222222222222222222222222222222222221
-1.5111111111111111111111111111111111111111111111111111111111111111111099
-1.4999999999999999999999999999999999999999999999999999999999999999999988
-1.4888888888888888888888888888888888888888888888888888888888888888888878
-1.4777777777777777777777777777777777777777777777777777777777777777777755
-1.4666666666666666666666666666666666666666666666666666666666666666666656
-1.4555555555555555555555555555555555555555555555555555555555555555555533
-1.4444444444444444444444444444444444444444444444444444444444444444444434
-1.4333333333333333333333333333333333333333333333333333333333333333333312
-1.4222222222222222222222222222222222222222222222222222222222222222222212
-1.411111111111111111111111111111111111111111111111111111111111111111109
-1.3999999999999999999999999999999999999999999999999999999999999999999991
-1.3888888888888888888888888888888888888888888888888888888888888888888868
-1.3777777777777777777777777777777777777777777777777777777777777777777769
-1.3666666666666666666666666666666666666666666666666666666666666666666647
-1.3555555555555555555555555555555555555555555555555555555555555555555547
-1.3444444444444444444444444444444444444444444444444444444444444444444425
-1.3333333333333333333333333333333333333333333333333333333333333333333326
-1.3222222222222222222222222222222222222222222222222222222222222222222203
-1.3111111111111111111111111111111111111111111111111111111111111111111104
-1.2999999999999999999999999999999999999999999999999999999999999999999981
-1.2888888888888888888888888888888888888888888888888888888888888888888882
-1.277777777777777777777777777777777777777777777777777777777777777777776
-1.266666666666666666666666666666666666666666666666666666666666666666666
-1.2555555555555555555555555555555555555555555555555555555555555555555538
-1.2444444444444444444444444444444444444444444444444444444444444444444439
-1.2333333333333333333333333333333333333333333333333333333333333333333316
-1.2222222222222222222222222222222222222222222222222222222222222222222217
-1.2111111111111111111111111111111111111111111111111111111111111111111095
-1.1999999999999999999999999999999999999999999999999999999999999999999995
-1.1888888888888888888888888888888888888888888888888888888888888888888873
-1.1777777777777777777777777777777777777777777777777777777777777777777774
-1.1666666666666666666666666666666666666666666666666666666666666666666651
-1.1555555555555555555555555555555555555555555555555555555555555555555552
-1.144444444444444444444444444444444444444444444444444444444444444444443
-1.133333333333333333333333333333333333333333333333333333333333333333333
-1.1222222222222222222222222222222222222222222222222222222222222222222208
-1.1111111111111111111111111111111111111111111111111111111111111111111085
-1.0999999999999999999999999999999999999999999999999999999999999999999986
-1.0888888888888888888888888888888888888888888888888888888888888888888864
-1.0777777777777777777777777777777777777777777777777777777777777777777764
-1.0666666666666666666666666666666666666666666666666666666666666666666642
-1.0555555555555555555555555555555555555555555555555555555555555555555543
-1.044444444444444444444444444444444444444444444444444444444444444444442
-1.0333333333333333333333333333333333333333333333333333333333333333333321
-1.0222222222222222222222222222222222222222222222222222222222222222222199
-1.0111111111111111111111111111111111111111111111111111111111111111111099
-9.9999999999999999999999999999999999999999999999999999999999999999999768e-01
-9.8888888888888888888888888888888888888888888888888888888888888888888776e-01
-9.7777777777777777777777777777777777777777777777777777777777777777777551e-01
-9.6666666666666666666666666666666666666666666666666666666666666666666558e-01
-9.5555555555555555555555555555555555555555555555555555555555555555555334e-01
-9.4444444444444444444444444444444444444444444444444444444444444444444341e-01
-9.3333333333333333333333333333333333333333333333333333333333333333333117e-01
-9.2222222222222222222222222222222222222222222222222222222222222222222124e-01
-9.11111111111111111111111111111111111111111111111111111111111111111109e-01
-8.9999999999999999999999999999999999999999999999999999999999999999999907e-01
-8.8888888888888888888888888888888888888888888888888888888888888888888683e-01
-8.777777777777777777777777777777777777777777777777777777777777777777769e-01
-8.6666666666666666666666666666666666666666666666666666666666666666666466e-01
-8.5555555555555555555555555555555555555555555555555555555555555555555473e-01
-8.4444444444444444444444444444444444444444444444444444444444444444444249e-01
-8.3333333333333333333333333333333333333333333333333333333333333333333256e-01
-8.2222222222222222222222222222222222222222222222222222222222222222222032e-01
-8.1111111111111111111111111111111111111111111111111111111111111111111039e-01
-7.9999999999999999999999999999999999999999999999999999999999999999999815e-01
-7.8888888888888888888888888888888888888888888888888888888888888888888822e-01
-7.7777777777777777777777777777777777777777777777777777777777777777777597e-01
-7.6666666666666666666666666666666666666666666666666666666666666666666605e-01
-7.555555555555555555555555555555555555555555555555555555555555555555538e-01
-7.4444444444444444444444444444444444444444444444444444444444444444444388e-01
-7.3333333333333333333333333333333333333333333333333333333333333333333163e-01
-7.2222222222222222222222222222222222222222222222222222222222222222222171e-01
-7.1111111111111111111111111111111111111111111111111111111111111111110946e-01
-6.9999999999999999999999999999999999999999999999999999999999999999999954e-01
-6.8888888888888888888888888888888888888888888888888888888888888888888729e-01
-6.7777777777777777777777777777777777777777777777777777777777777777777737e-01
-6.6666666666666666666666666666666666666666666666666666666666666666666512e-01
-6.5555555555555555555555555555555555555555555555555555555555555555555519e-01
-6.4444444444444444444444444444444444444444444444444444444444444444444295e-01
-6.3333333333333333333333333333333333333333333333333333333333333333333071e-01
-6.2222222222222222222222222222222222222222222222222222222222222222222078e-01
-6.1111111111111111111111111111111111111111111111111111111111111111110854e-01
-5.9999999999999999999999999999999999999999999999999999999999999999999861e-01
-5.8888888888888888888888888888888888888888888888888888888888888888888636e-01
-5.7777777777777777777777777777777777777777777777777777777777777777777644e-01
-5.6666666666666666666666666666666666666666666666666666666666666666666419e-01
-5.5555555555555555555555555555555555555555555555555555555555555555555427e-01
-5.4444444444444444444444444444444444444444444444444444444444444444444202e-01
-5.333333333333333333333333333333333333333333333333333333333333333333321e-01
-5.2222222222222222222222222222222222222222222222222222222222222222221985e-01
-5.1111111111111111111111111111111111111111111111111111111111111111110993e-01
-4.9999999999999999999999999999999999999999999999999999999999999999999768e-01
-4.8888888888888888888888888888888888888888888888888888888888888888888776e-01
-4.7777777777777777777777777777777777777777777777777777777777777777777551e-01
-4.6666666666666666666666666666666666666666666666666666666666666666666558e-01
-4.5555555555555555555555555555555555555555555555555555555555555555555334e-01
-4.4444444444444444444444444444444444444444444444444444444444444444444341e-01
-4.3333333333333333333333333333333333333333333333333333333333333333333117e-01
-4.2222222222222222222222222222222222222222222222222222222222222222222124e-01
-4.11111111111111111111111111111111111111111111111111111111111111111109e-01
-3.9999999999999999999999999999999999999999999999999999999999999999999907e-01
-3.8888888888888888888888888888888888888888888888888888888888888888888683e-01
-3.777777777777777777777777777777777777777777777777777777777777777777769e-01
-3.6666666666666666666666666666666666666666666666666666666666666666666466e-01
-3.5555555555555555555555555555555555555555555555555555555555555555555473e-01
-3.4444444444444444444444444444444444444444444444444444444444444444444249e-01
-3.3333333333333333333333333333333333333333333333333333333333333333333256e-01
-3.2222222222222222222222222222222222222222222222222222222222222222222032e-01
-3.1111111111111111111111111111111111111111111111111111111111111111111039e-01
-2.9999999999999999999999999999999999999999999999999999999999999999999815e-01
-2.8888888888888888888888888888888888888888888888888888888888888888888822e-01
-2.7777777777777777777777777777777777777777777777777777777777777777777597e-01
-2.6666666666666666666666666666666666666666666666666666666666666666666605e-01
-2.555555555555555555555555555555555555555555555555555555555555555555538e-01
-2.4444444444444444444444444444444444444444444444444444444444444444444388e-01
-2.3333333333333333333333333333333333333333333333333333333333333333333163e-01
-2.2222222222222222222222222222222222222222222222222222222222222222222171e-01
-2.1111111111111111111111111111111111111111111111111111111111111111110946e-01
-1.9999999999999999999999999999999999999999999999999999999999999999999954e-01
-1.8888888888888888888888888888888888888888888888888888888888888888888729e-01
-1.7777777777777777777777777777777777777777777777777777777777777777777737e-01
-1.6666666666666666666666666666666666666666666666666666666666666666666512e-01
-1.5555555555555555555555555555555555555555555555555555555555555555555288e-01
-1.4444444444444444444444444444444444444444444444444444444444444444444295e-01
-1.3333333333333333333333333333333333333333333333333333333333333333333071e-01
-1.2222222222222222222222222222222222222222222222222222222222222222222078e-01
-1.1111111111111111111111111111111111111111111111111111111111111111110854e-01
-9.9999999999999999999999999999999999999999999999999999999999999999998609e-02
-8.8888888888888888888888888888888888888888888888888888888888888888886365e-02
-7.7777777777777777777777777777777777777777777777777777777777777777776438e-02
-6.6666666666666666666666666666666666666666666666666666666666666666664194e-02
-5.5555555555555555555555555555555555555555555555555555555555555555554268e-02
-4.4444444444444444444444444444444444444444444444444444444444444444442023e-02
-3.3333333333333333333333333333333333333333333333333333333333333333332097e-02
-2.2222222222222222222222222222222222222222222222222222222222222222219852e-02
-1.1111111111111111111111111111111111111111111111111111111111111111109926e-02
2.3182538441796383660823345384672746958547279867236193765331494118234883e-69
1.1111111111111111111111111111111111111111111111111111111111111111112244e-02
2.2222222222222222222222222222222222222222222222222222222222222222224489e-02
3.3333333333333333333333333333333333333333333333333333333333333333334415e-02
4.444444444444444444444444444444444444444444444444444444444444444444666e-02
5.5555555555555555555555555555555555555555555555555555555555555555556586e-02
6.666666666666666666666666666666666666666666666666666666666666666666883e-02
7.7777777777777777777777777777777777777777777777777777777777777777778757e-02
8.8888888888888888888888888888888888888888888888888888888888888888891001e-02
1.0000000000000000000000000000000000000000000000000000000000000000000093e-01
1.1111111111111111111111111111111111111111111111111111111111111111111317e-01
1.222222222222222222222222222222222222222222222222222222222222222222231e-01
1.3333333333333333333333333333333333333333333333333333333333333333333534e-01
1.4444444444444444444444444444444444444444444444444444444444444444444527e-01
1.5555555555555555555555555555555555555555555555555555555555555555555751e-01
1.6666666666666666666666666666666666666666666666666666666666666666666744e-01
1.7777777777777777777777777777777777777777777777777777777777777777777968e-01
1.8888888888888888888888888888888888888888888888888888888888888888888961e-01
2.0000000000000000000000000000000000000000000000000000000000000000000185e-01
2.1111111111111111111111111111111111111111111111111111111111111111111178e-01
2.2222222222222222222222222222222222222222222222222222222222222222222403e-01
2.3333333333333333333333333333333333333333333333333333333333333333333395e-01
2.444444444444444444444444444444444444444444444444444444444444444444462e-01
2.5555555555555555555555555555555555555555555555555555555555555555555612e-01
2.6666666666666666666666666666666666666666666666666666666666666666666837e-01
2.7777777777777777777777777777777777777777777777777777777777777777777829e-01
2.8888888888888888888888888888888888888888888888888888888888888888889054e-01
3.0000000000000000000000000000000000000000000000000000000000000000000046e-01
3.1111111111111111111111111111111111111111111111111111111111111111111271e-01
3.2222222222222222222222222222222222222222222222222222222222222222222495e-01
3.3333333333333333333333333333333333333333333333333333333333333333333488e-01
3.4444444444444444444444444444444444444444444444444444444444444444444712e-01
3.5555555555555555555555555555555555555555555555555555555555555555555705e-01
3.6666666666666666666666666666666666666666666666666666666666666666666929e-01
3.7777777777777777777777777777777777777777777777777777777777777777777922e-01
3.8888888888888888888888888888888888888888888888888888888888888888889146e-01
4.0000000000000000000000000000000000000000000000000000000000000000000139e-01
4.1111111111111111111111111111111111111111111111111111111111111111111364e-01
4.2222222222222222222222222222222222222222222222222222222222222222222356e-01
4.3333333333333333333333333333333333333333333333333333333333333333333581e-01
4.4444444444444444444444444444444444444444444444444444444444444444444573e-01
4.5555555555555555555555555555555555555555555555555555555555555555555798e-01
4.666666666666666666666666666666666666666666666666666666666666666666679e-01
4.7777777777777777777777777777777777777777777777777777777777777777778015e-01
4.8888888888888888888888888888888888888888888888888888888888888888889007e-01
5.0000000000000000000000000000000000000000000000000000000000000000000232e-01
5.1111111111111111111111111111111111111111111111111111111111111111111224e-01
5.2222222222222222222222222222222222222222222222222222222222222222222449e-01
5.3333333333333333333333333333333333333333333333333333333333333333333673e-01
5.4444444444444444444444444444444444444444444444444444444444444444444434e-01
5.5555555555555555555555555555555555555555555555555555555555555555555659e-01
5.6666666666666666666666666666666666666666666666666666666666666666666883e-01
5.7777777777777777777777777777777777777777777777777777777777777777778107e-01
5.8888888888888888888888888888888888888888888888888888888888888888888868e-01
6.0000000000000000000000000000000000000000000000000000000000000000000093e-01
6.1111111111111111111111111111111111111111111111111111111111111111111317e-01
6.2222222222222222222222222222222222222222222222222222222222222222222542e-01
6.3333333333333333333333333333333333333333333333333333333333333333333302e-01
6.4444444444444444444444444444444444444444444444444444444444444444444527e-01
6.5555555555555555555555555555555555555555555555555555555555555555555751e-01
6.6666666666666666666666666666666666666666666666666666666666666666666976e-01
6.7777777777777777777777777777777777777777777777777777777777777777777737e-01
6.8888888888888888888888888888888888888888888888888888888888888888888961e-01
7.0000000000000000000000000000000000000000000000000000000000000000000185e-01
7.111111111111111111111111111111111111111111111111111111111111111111141e-01
7.2222222222222222222222222222222222222222222222222222222222222222222171e-01
7.3333333333333333333333333333333333333333333333333333333333333333333395e-01
7.444444444444444444444444444444444444444444444444444444444444444444462e-01
7.5555555555555555555555555555555555555555555555555555555555555555555844e-01
7.6666666666666666666666666666666666666666666666666666666666666666666605e-01
7.7777777777777777777777777777777777777777777777777777777777777777777829e-01
7.8888888888888888888888888888888888888888888888888888888888888888889054e-01
8.0000000000000000000000000000000000000000000000000000000000000000000278e-01
8.1111111111111111111111111111111111111111111111111111111111111111111503e-01
8.2222222222222222222222222222222222222222222222222222222222222222222263e-01
8.3333333333333333333333333333333333333333333333333333333333333333333488e-01
8.4444444444444444444444444444444444444444444444444444444444444444444712e-01
8.5555555555555555555555555555555555555555555555555555555555555555555937e-01
8.6666666666666666666666666666666666666666666666666666666666666666666698e-01
8.7777777777777777777777777777777777777777777777777777777777777777777922e-01
8.8888888888888888888888888888888888888888888888888888888888888888889146e-01
9.0000000000000000000000000000000000000000000000000000000000000000000371e-01
9.1111111111111111111111111111111111111111111111111111111111111111111132e-01
9.2222222222222222222222222222222222222222222222222222222222222222222356e-01
9.3333333333333333333333333333333333333333333333333333333333333333333581e-01
9.4444444444444444444444444444444444444444444444444444444444444444444805e-01
9.5555555555555555555555555555555555555555555555555555555555555555555566e-01
9.666666666666666666666666666666666666666666666666666666666666666666679e-01
9.7777777777777777777777777777777777777777777777777777777777777777778015e-01
9.8888888888888888888888888888888888888888888888888888888888888888889239e-01
1.0
1.0111111111111111111111111111111111111111111111111111111111111111111122
1.0222222222222222222222222222222222222222222222222222222222222222222245
1.0333333333333333333333333333333333333333333333333333333333333333333367
1.0444444444444444444444444444444444444444444444444444444444444444444443
1.0555555555555555555555555555555555555555555555555555555555555555555566
1.0666666666666666666666666666666666666666666666666666666666666666666688
1.0777777777777777777777777777777777777777777777777777777777777777777811
1.0888888888888888888888888888888888888888888888888888888888888888888887
1.1000000000000000000000000000000000000000000000000000000000000000000009
1.1111111111111111111111111111111111111111111111111111111111111111111132
1.1222222222222222222222222222222222222222222222222222222222222222222254
1.133333333333333333333333333333333333333333333333333333333333333333333
1.1444444444444444444444444444444444444444444444444444444444444444444453
1.1555555555555555555555555555555555555555555555555555555555555555555575
1.1666666666666666666666666666666666666666666666666666666666666666666698
1.1777777777777777777777777777777777777777777777777777777777777777777774
1.1888888888888888888888888888888888888888888888888888888888888888888896
1.2000000000000000000000000000000000000000000000000000000000000000000019
1.2111111111111111111111111111111111111111111111111111111111111111111141
1.2222222222222222222222222222222222222222222222222222222222222222222217
1.233333333333333333333333333333333333333333333333333333333333333333334
1.2444444444444444444444444444444444444444444444444444444444444444444462
1.2555555555555555555555555555555555555555555555555555555555555555555584
1.2666666666666666666666666666666666666666666666666666666666666666666707
1.2777777777777777777777777777777777777777777777777777777777777777777783
1.2888888888888888888888888888888888888888888888888888888888888888888905
1.3000000000000000000000000000000000000000000000000000000000000000000028
1.311111111111111111111111111111111111111111111111111111111111111111115
1.3222222222222222222222222222222222222222222222222222222222222222222226
1.3333333333333333333333333333333333333333333333333333333333333333333349
1.3444444444444444444444444444444444444444444444444444444444444444444471
1.3555555555555555555555555555555555555555555555555555555555555555555594
1.366666666666666666666666666666666666666666666666666666666666666666667
1.3777777777777777777777777777777777777777777777777777777777777777777792
1.3888888888888888888888888888888888888888888888888888888888888888888915
1.4000000000000000000000000000000000000000000000000000000000000000000037
1.4111111111111111111111111111111111111111111111111111111111111111111113
1.4222222222222222222222222222222222222222222222222222222222222222222236
1.4333333333333333333333333333333333333333333333333333333333333333333358
1.4444444444444444444444444444444444444444444444444444444444444444444481
1.4555555555555555555555555555555555555555555555555555555555555555555557
1.4666666666666666666666666666666666666666666666666666666666666666666679
1.4777777777777777777777777777777777777777777777777777777777777777777801
1.4888888888888888888888888888888888888888888888888888888888888888888924
1.5
1.5111111111111111111111111111111111111111111111111111111111111111111122
1.5222222222222222222222222222222222222222222222222222222222222222222245
1.5333333333333333333333333333333333333333333333333333333333333333333367
1.5444444444444444444444444444444444444444444444444444444444444444444443
1.5555555555555555555555555555555555555555555555555555555555555555555566
1.5666666666666666666666666666666666666666666666666666666666666666666688
1.5777777777777777777777777777777777777777777777777777777777777777777811
1.5888888888888888888888888888888888888888888888888888888888888888888887
1.6000000000000000000000000000000000000000000000000000000000000000000009
1.6111111111111111111111111111111111111111111111111111111111111111111132
1.6222222222222222222222222222222222222222222222222222222222222222222254
1.633333333333333333333333333333333333333333333333333333333333333333333
1.6444444444444444444444444444444444444444444444444444444444444444444453
1.6555555555555555555555555555555555555555555555555555555555555555555575
1.6666666666666666666666666666666666666666666666666666666666666666666698
1.6777777777777777777777777777777777777777777777777777777777777777777774
1.6888888888888888888888888888888888888888888888888888888888888888888896
1.7000000000000000000000000000000000000000000000000000000000000000000019
1.7111111111111111111111111111111111111111111111111111111111111111111141
1.7222222222222222222222222222222222222222222222222222222222222222222217
1.733333333333333333333333333333333333333333333333333333333333333333334
1.7444444444444444444444444444444444444444444444444444444444444444444462
1.7555555555555555555555555555555555555555555555555555555555555555555584
1.7666666666666666666666666666666666666666666666666666666666666666666707
1.7777777777777777777777777777777777777777777777777777777777777777777783
1.7888888888888888888888888888888888888888888888888888888888888888888905
1.8000000000000000000000000000000000000000000000000000000000000000000028
1.811111111111111111111111111111111111111111111111111111111111111111115
1.8222222222222222222222222222222222222222222222222222222222222222222226
1.8333333333333333333333333333333333333333333333333333333333333333333349
1.8444444444444444444444444444444444444444444444444444444444444444444471
1.8555555555555555555555555555555555555555555555555555555555555555555594
1.866666666666666666666666666666666666666666666666666666666666666666667
1.8777777777777777777777777777777777777777777777777777777777777777777792
1.8888888888888888888888888888888888888888888888888888888888888888888915
1.9000000000000000000000000000000000000000000000000000000000000000000037
1.9111111111111111111111111111111111111111111111111111111111111111111113
1.9222222222222222222222222222222222222222222222222222222222222222222236
1.9333333333333333333333333333333333333333333333333333333333333333333358
1.9444444444444444444444444444444444444444444444444444444444444444444481
1.9555555555555555555555555555555555555555555555555555555555555555555557
1.9666666666666666666666666666666666666666666666666666666666666666666679
1.9777777777777777777777777777777777777777777777777777777777777777777801
1.9888888888888888888888888888888888888888888888888888888888888888888924
2.0
2.0111111111111111111111111111111111111111111111111111111111111111111122
2.0222222222222222222222222222222222222222222222222222222222222222222245
2.0333333333333333333333333333333333333333333333333333333333333333333367
2.0444444444444444444444444444444444444444444444444444444444444444444443
2.0555555555555555555555555555555555555555555555555555555555555555555566
2.0666666666666666666666666666666666666666666666666666666666666666666688
2.0777777777777777777777777777777777777777777777777777777777777777777811
2.0888888888888888888888888888888888888888888888888888888888888888888887
2.1000000000000000000000000000000000000000000000000000000000000000000009
2.1111111111111111111111111111111111111111111111111111111111111111111132
2.1222222222222222222222222222222222222222222222222222222222222222222254
2.133333333333333333333333333333333333333333333333333333333333333333333
2.1444444444444444444444444444444444444444444444444444444444444444444453
2.1555555555555555555555555555555555555555555555555555555555555555555575
2.1666666666666666666666666666666666666666666666666666666666666666666698
2.1777777777777777777777777777777777777777777777777777777777777777777774
2.1888888888888888888888888888888888888888888888888888888888888888888896
2.2000000000000000000000000000000000000000000000000000000000000000000019
2.2111111111111111111111111111111111111111111111111111111111111111111141
2.2222222222222222222222222222222222222222222222222222222222222222222263
2.233333333333333333333333333333333333333333333333333333333333333333334
2.2444444444444444444444444444444444444444444444444444444444444444444462
2.2555555555555555555555555555555555555555555555555555555555555555555584
2.2666666666666666666666666666666666666666666666666666666666666666666707
2.2777777777777777777777777777777777777777777777777777777777777777777783
2.2888888888888888888888888888888888888888888888888888888888888888888905
2.3000000000000000000000000000000000000000000000000000000000000000000028
2.311111111111111111111111111111111111111111111111111111111111111111115
2.3222222222222222222222222222222222222222222222222222222222222222222226
2.3333333333333333333333333333333333333333333333333333333333333333333349
2.3444444444444444444444444444444444444444444444444444444444444444444471
2.3555555555555555555555555555555555555555555555555555555555555555555594
2.366666666666666666666666666666666666666666666666666666666666666666667
2.3777777777777777777777777777777777777777777777777777777777777777777792
2.3888888888888888888888888888888888888888888888888888888888888888888915
2.4000000000000000000000000000000000000000000000000000000000000000000037
2.4111111111111111111111111111111111111111111111111111111111111111111113
2.4222222222222222222222222222222222222222222222222222222222222222222236
2.4333333333333333333333333333333333333333333333333333333333333333333358
2.4444444444444444444444444444444444444444444444444444444444444444444481
2.4555555555555555555555555555555555555555555555555555555555555555555557
2.4666666666666666666666666666666666666666666666666666666666666666666679
2.4777777777777777777777777777777777777777777777777777777777777777777801
2.4888888888888888888888888888888888888888888888888888888888888888888924
2.5
2.5111111111111111111111111111111111111111111111111111111111111111111122
2.5222222222222222222222222222222222222222222222222222222222222222222245
2.5333333333333333333333333333333333333333333333333333333333333333333367
2.5444444444444444444444444444444444444444444444444444444444444444444443
2.5555555555555555555555555555555555555555555555555555555555555555555566
2.5666666666666666666666666666666666666666666666666666666666666666666688
2.5777777777777777777777777777777777777777777777777777777777777777777811
2.5888888888888888888888888888888888888888888888888888888888888888888887
2.6000000000000000000000000000000000000000000000000000000000000000000009
2.6111111111111111111111111111111111111111111111111111111111111111111132
2.6222222222222222222222222222222222222222222222222222222222222222222254
2.633333333333333333333333333333333333333333333333333333333333333333333
2.6444444444444444444444444444444444444444444444444444444444444444444453
2.6555555555555555555555555555555555555555555555555555555555555555555575
2.6666666666666666666666666666666666666666666666666666666666666666666698
2.677777777777777777777777777777777777777777777777777777777777777777782
2.6888888888888888888888888888888888888888888888888888888888888888888896
2.7000000000000000000000000000000000000000000000000000000000000000000019
2.7111111111111111111111111111111111111111111111111111111111111111111141
2.7222222222222222222222222222222222222222222222222222222222222222222263
2.733333333333333333333333333333333333333333333333333333333333333333334
2.7444444444444444444444444444444444444444444444444444444444444444444462
2.7555555555555555555555555555555555555555555555555555555555555555555584
2.7666666666666666666666666666666666666666666666666666666666666666666707
2.7777777777777777777777777777777777777777777777777777777777777777777783
2.7888888888888888888888888888888888888888888888888888888888888888888905
2.8000000000000000000000000000000000000000000000000000000000000000000028
2.811111111111111111111111111111111111111111111111111111111111111111115
2.8222222222222222222222222222222222222222222222222222222222222222222226
2.8333333333333333333333333333333333333333333333333333333333333333333349
2.8444444444444444444444444444444444444444444444444444444444444444444471
2.8555555555555555555555555555555555555555555555555555555555555555555594
2.866666666666666666666666666666666666666666666666666666666666666666667
2.8777777777777777777777777777777777777777777777777777777777777777777792
2.8888888888888888888888888888888888888888888888888888888888888888888915
2.9000000000000000000000000000000000000000000000000000000000000000000037
2.9111111111111111111111111111111111111111111111111111111111111111111113
2.9222222222222222222222222222222222222222222222222222222222222222222236
2.9333333333333333333333333333333333333333333333333333333333333333333358
2.9444444444444444444444444444444444444444444444444444444444444444444481
2.9555555555555555555555555555555555555555555555555555555555555555555557
2.9666666666666666666666666666666666666666666666666666666666666666666679
2.9777777777777777777777777777777777777777777777777777777777777777777801
2.9888888888888888888888888888888888888888888888888888888888888888888924
3.0
3.0111111111111111111111111111111111111111111111111111111111111111111122
3.0222222222222222222222222222222222222222222222222222222222222222222245
3.0333333333333333333333333333333333333333333333333333333333333333333367
3.0444444444444444444444444444444444444444444444444444444444444444444443
3.0555555555555555555555555555555555555555555555555555555555555555555566
3.0666666666666666666666666666666666666666666666666666666666666666666688
3.0777777777777777777777777777777777777777777777777777777777777777777811
3.0888888888888888888888888888888888888888888888888888888888888888888887
3.1000000000000000000000000000000000000000000000000000000000000000000009
3.1111111111111111111111111111111111111111111111111111111111111111111132
3.1222222222222222222222222222222222222222222222222222222222222222222254
3.133333333333333333333333333333333333333333333333333333333333333333333
3.1444444444444444444444444444444444444444444444444444444444444444444453
3.1555555555555555555555555555555555555555555555555555555555555555555575
3.1666666666666666666666666666666666666666666666666666666666666666666698
3.177777777777777777777777777777777777777777777777777777777777777777782
3.1888888888888888888888888888888888888888888888888888888888888888888896
3.2000000000000000000000000000000000000000000000000000000000000000000019
3.2111111111111111111111111111111111111111111111111111111111111111111141
3.2222222222222222222222222222222222222222222222222222222222222222222263
3.233333333333333333333333333333333333333333333333333333333333333333334
3.2444444444444444444444444444444444444444444444444444444444444444444462
3.2555555555555555555555555555555555555555555555555555555555555555555584
3.2666666666666666666666666666666666666666666666666666666666666666666707
3.2777777777777777777777777777777777777777777777777777777777777777777783
3.2888888888888888888888888888888888888888888888888888888888888888888905
3.3000000000000000000000000000000000000000000000000000000000000000000028
3.311111111111111111111111111111111111111111111111111111111111111111115
3.3222222222222222222222222222222222222222222222222222222222222222222226
3.3333333333333333333333333333333333333333333333333333333333333333333349
3.3444444444444444444444444444444444444444444444444444444444444444444471
3.3555555555555555555555555555555555555555555555555555555555555555555594
3.366666666666666666666666666666666666666666666666666666666666666666667
3.3777777777777777777777777777777777777777777777777777777777777777777792
3.3888888888888888888888888888888888888888888888888888888888888888888915
3.4000000000000000000000000000000000000000000000000000000000000000000037
3.4111111111111111111111111111111111111111111111111111111111111111111113
3.4222222222222222222222222222222222222222222222222222222222222222222236
3.4333333333333333333333333333333333333333333333333333333333333333333358
3.4444444444444444444444444444444444444444444444444444444444444444444481
3.4555555555555555555555555555555555555555555555555555555555555555555557
3.4666666666666666666666666666666666666666666666666666666666666666666679
3.4777777777777777777777777777777777777777777777777777777777777777777801
3.4888888888888888888888888888888888888888888888888888888888888888888924
3.5
