-3.16227766016839654191638100523e-01
-3.1622776601683963265597677299716e-01
-3.162277660168395971281302111634e-01
-3.1622776601683954814738818732682e-01
-3.1622776601683948645278993573645e-01
-3.1622776601683941296766617019133e-01
-3.1622776601683932878047289210941e-01
-3.1622776601683923512241742792238e-01
-3.162277660168391333424554755399e-01
-3.1622776601683902488029843426114e-01
-3.1622776601683891123811129708192e-01
-3.1622776601683879395160193723563e-01
-3.1622776601683867456120247075559e-01
-3.1622776601683855458402297475395e-01
-3.1622776601683843548721831399206e-01
-3.1622776601683831866335191924704e-01
-3.1622776601683820540826835524615e-01
-3.1622776601683809690190213982397e-01
-3.1622776601683799419235658970065e-01
-3.1622776601683789818348674164989e-01
-3.1622776601683780962611798838885e-01
-3.1622776601683772911293029471323e-01
-3.1622776601683765707693988488834e-01
-3.1622776601683759379341901600511e-01
-3.1622776601683753938501241663151e-01
-3.1622776601683749382973828466018e-01
-3.1622776601683745697150402440789e-01
-3.1622776601683742853272325791479e-01
-3.1622776601683740812859163216936e-01
-3.1622776601683739528256459693768e-01
-3.1622776601683738944258018390135e-01
-3.1622776601683738999758295960969e-01
-3.1622776601683739629393044376383e-01
-3.1622776601683740765129875108598e-01
-3.1622776601683742337774816070939e-01
-3.1622776601683744278365971636913e-01
-3.1622776601683746519430871758858e-01
-3.1622776601683748996089799057045e-01
-3.1622776601683751646993112709471e-01
-3.1622776601683754415086160266534e-01
-3.1622776601683757248200619071705e-01
-3.1622776601683760099475898882368e-01
-3.1622776601683762927618455716432e-01
-3.1622776601683765697010432803528e-01
-3.1622776601683768377681906818522e-01
-3.1622776601683770945163154563267e-01
-3.1622776601683773380234772499626e-01
-3.1622776601683775668594209052039e-01
-3.1622776601683777800457358377844e-01
-3.1622776601683779770113382256519e-01
-3.1622776601683781575449954429024e-01
-3.1622776601683783217464747967909e-01
-3.1622776601683784699777303941174e-01
-3.1622776601683786028153521748964e-01
-3.1622776601683787210052987593815e-01
-3.1622776601683788254207290712903e-01
-3.1622776601683789170235441591059e-01
-3.1622776601683789968300566067873e-01
-3.1622776601683790658810256109519e-01
-3.1622776601683791252161351810361e-01
-3.1622776601683791758528537577032e-01
-3.1622776601683792187694974417595e-01
-3.1622776601683792548922265177373e-01
-3.1622776601683792850856356317976e-01
-3.1622776601683793101465506474181e-01
-3.1622776601683793308006180194693e-01
-3.1622776601683793477012632022292e-01
-3.1622776601683793614306005360983e-01
-3.1622776601683793725018954820229e-01
-3.1622776601683793813632082127608e-01
-3.1622776601683793884018827419833e-01
-3.1622776601683793939495854767738e-01
-3.1622776601683793982876390796119e-01
-3.1622776601683794016524398855967e-01
-3.1622776601683794042407882452111e-01
-3.1622776601683794062149997863641e-01
-3.1622776601683794077077007934391e-01
-3.1622776601683794088262420627682e-01
-3.1622776601683794096566923845252e-01
-3.1622776601683794102673951194473e-01
-3.1622776601683794107120892941264e-01
-3.1622776601683794110326104859649e-01
-3.1622776601683794112611968833822e-01
-3.1622776601683794114224327334249e-01
-3.1622776601683794115348654141134e-01
-3.1622776601683794116123340848239e-01
-3.1622776601683794116650477598878e-01
-3.1622776601683794117004491583701e-01
-3.1622776601683794117238982153891e-01
-3.1622776601683794117392060372696e-01
-3.1622776601683794117490466409011e-01
-3.1622776601683794117552702637855e-01
-3.1622776601683794117591385489337e-01
-3.1622776601683794117614986219928e-01
-3.1622776601683794117629100772587e-01
-3.1622776601683794117637362194937e-01
-3.1622776601683794117642085944051e-01
-3.1622776601683794117644718753635e-01
-3.1622776601683794117646145437021e-01
-3.1622776601683794117646894726494e-01
-3.1622776601683794117647274658866e-01
-3.1622776601683794117647459748512e-01
-3.1622776601683794117647545833944e-01
-3.1622776601683794117647583735515e-01
-3.1622776601683794117647599343207e-01
-3.1622776601683794117647605246214e-01
-3.162277660168379411764760723438e-01
-3.1622776601683794117647607795536e-01
-3.1622776601683794117647607907042e-01
-3.1622776601683794117647607908699e-01
-3.1622776601683794117647607897891e-01
-3.1622776601683794117647607892211e-01
-3.1622776601683794117647607891067e-01
-3.1622776601683794117647607890752e-01
-3.1622776601683794117647607891225e-01
-3.162277660168379411764760789087e-01
-3.1622776601683794117647607890949e-01
-3.1622776601683794117647607890791e-01
-3.162277660168379411764760789091e-01
-3.162277660168379411764760789087e-01
-3.162277660168379411764760789091e-01
-3.1622776601683794117647607890791e-01
-3.1622776601683794117647607890989e-01
-3.162277660168379411764760789087e-01
-3.1622776601683794117647607890989e-01
-3.1622776601683794117647607891107e-01
-3.1622776601683794117647607891265e-01
-3.1622776601683794117647607891225e-01
-3.1622776601683794117647607891304e-01
-3.1622776601683794117647607891067e-01
-3.1622776601683794117647607890831e-01
-3.1622776601683794117647607890949e-01
-3.1622776601683794117647607890831e-01
-3.1622776601683794117647607890831e-01
-3.1622776601683794117647607890752e-01
-3.1622776601683794117647607890791e-01
-3.162277660168379411764760789091e-01
-3.1622776601683794117647607890949e-01
-3.1622776601683794117647607891107e-01
-3.1622776601683794117647607891107e-01
-3.1622776601683794117647607891067e-01
-3.1622776601683794117647607891186e-01
-3.1622776601683794117647607891107e-01
-3.1622776601683794117647607890949e-01
-3.162277660168379411764760789087e-01
-3.162277660168379411764760789091e-01
-3.162277660168379411764760789087e-01
-3.1622776601683794117647607890713e-01
-3.1622776601683794117647607890752e-01
-3.1622776601683794117647607890831e-01
-3.1622776601683794117647607890949e-01
-3.1622776601683794117647607890831e-01
-3.1622776601683794117647607890831e-01
-3.162277660168379411764760789091e-01
-3.162277660168379411764760789091e-01
-3.1622776601683794117647607890752e-01
-3.1622776601683794117647607890831e-01
-3.1622776601683794117647607890831e-01
-3.162277660168379411764760789091e-01
-3.1622776601683794117647607890791e-01
-3.1622776601683794117647607890752e-01
-3.162277660168379411764760789091e-01
-3.1622776601683794117647607890791e-01
-3.1622776601683794117647607890634e-01
-3.1622776601683794117647607890673e-01
-3.1622776601683794117647607890752e-01
-3.1622776601683794117647607890752e-01
-3.1622776601683794117647607890673e-01
-3.1622776601683794117647607890713e-01
-3.1622776601683794117647607890634e-01
-3.1622776601683794117647607890713e-01
-3.1622776601683794117647607890791e-01
-3.162277660168379411764760789087e-01
-3.1622776601683794117647607890831e-01
-3.1622776601683794117647607890791e-01
-3.1622776601683794117647607890831e-01
-3.1622776601683794117647607890831e-01
-3.162277660168379411764760789087e-01
-3.1622776601683794117647607890831e-01
-3.162277660168379411764760789087e-01
-3.162277660168379411764760789087e-01
-3.1622776601683794117647607890989e-01
-3.1622776601683794117647607890949e-01
-3.1622776601683794117647607890949e-01
-3.1622776601683794117647607890989e-01
-3.162277660168379411764760789087e-01
-3.1622776601683794117647607891028e-01
-3.1622776601683794117647607891028e-01
-3.1622776601683794117647607891067e-01
-3.1622776601683794117647607890989e-01
-3.1622776601683794117647607891107e-01
-3.162277660168379411764760789091e-01
-3.1622776601683794117647607890989e-01
-3.1622776601683794117647607891028e-01
-3.1622776601683794117647607891028e-01
-3.1622776601683794117647607890989e-01
-3.1622776601683794117647607890989e-01
-3.1622776601683794117647607891028e-01
-3.1622776601683794117647607891107e-01
-3.1622776601683794117647607891146e-01
-3.1622776601683794117647607891344e-01
-3.1622776601683794117647607891265e-01
-3.1622776601683794117647607891699e-01
-3.1622776601683794117647607893907e-01
-3.1622776601683794117647607898562e-01
-3.1622776601683794117647607896471e-01
-3.1622776601683794117647607836005e-01
-3.1622776601683794117647607526732e-01
-3.1622776601683794117647606399884e-01
-3.1622776601683794117647602966051e-01
-3.1622776601683794117647593661358e-01
-3.1622776601683794117647570554123e-01
-3.1622776601683794117647516983565e-01
-3.1622776601683794117647399621297e-01
-3.1622776601683794117647154527499e-01
-3.1622776601683794117646663442061e-01
-3.1622776601683794117645714623514e-01
-3.16227766016837941176439398435e-01
-3.1622776601683794117640715422079e-01
-3.1622776601683794117635010209619e-01
-3.1622776601683794117625156830188e-01
-3.1622776601683794117608514048773e-01
-3.1622776601683794117580977411474e-01
-3.1622776601683794117536282066369e-01
-3.1622776601683794117465025620244e-01
-3.1622776601683794117353319828503e-01
-3.162277660168379411718095781778e-01
-3.1622776601683794116918958521215e-01
-3.1622776601683794116526322441517e-01
-3.1622776601683794115945803440171e-01
-3.162277660168379411509847101351e-01
-3.1622776601683794113876807958074e-01
-3.162277660168379411213606137802e-01
-3.162277660168379410968354311152e-01
-3.1622776601683794106265561813542e-01
-3.1622776601683794101551666558119e-01
-3.1622776601683794095115894809279e-01
-3.1622776601683794086414750103857e-01
-3.1622776601683794074761691169802e-01
-3.1622776601683794059297998732927e-01
-3.1622776601683794038960002962871e-01
-3.1622776601683794012442806745792e-01
-3.1622776601683793978160830198133e-01
-3.1622776601683793934205731136989e-01
-3.1622776601683793878302524022512e-01
-3.1622776601683793807765023472951e-01
-3.1622776601683793719452072682651e-01
-3.1622776601683793609726374079694e-01
-3.1622776601683793474418108515809e-01
-3.1622776601683793308795896327214e-01
-3.1622776601683793107548001909289e-01
-3.1622776601683792864776993376383e-01
-3.1622776601683792574011318488809e-01
-3.1622776601683792228237423572351e-01
-3.1622776601683791819956098978123e-01
-3.1622776601683791341266658147741e-01
-3.1622776601683790783982324215613e-01
-3.1622776601683790139779787581052e-01
-3.1622776601683789400385293316861e-01
-3.1622776601683788557798807479204e-01
-3.1622776601683787604556792132158e-01
-3.1622776601683786534032894341059e-01
-3.1622776601683785340774438108196e-01
-3.1622776601683784020871024201588e-01
-3.1622776601683782572349825938514e-01
-3.1622776601683780995590365050603e-01
-3.1622776601683779293749717223875e-01
-3.1622776601683777473187297729541e-01
-3.1622776601683775543876687853267e-01
-3.1622776601683773519790462553138e-01
-3.1622776601683771419242752228627e-01
-3.162277660168376926517340005392e-01
-3.1622776601683767085357141045285e-01
-3.1622776601683764912521302619424e-01
-3.162277660168376278435617053556e-01
-3.1622776601683760743403425329156e-01
-3.1622776601683758836809960551552e-01
-3.1622776601683757115936951307604e-01
-3.16227766016837556358172311755e-01
-3.1622776601683754454457812764363e-01
-3.1622776601683753631988679909349e-01
-3.1622776601683753229663688937051e-01
-3.1622776601683753308724418172068e-01
-3.162277660168375392914295175443e-01
-3.1622776601683755148264709742247e-01
-3.162277660168375701937736126634e-01
-3.1622776601683759590236393089071e-01
-3.1622776601683762901581862965079e-01
-3.1622776601683766985684062587584e-01
-3.162277660168377186495807931073e-01
-3.1622776601683777550688431428537e-01
-3.1622776601683784041904939478518e-01
-3.1622776601683791324449702058845e-01
-3.1622776601683799370272426076849e-01
-3.162277660168380813698742042413e-01
-3.1622776601683817567720348637772e-01
-3.1622776601683827591266448642207e-01
-3.1622776601683838122574512027019e-01
-3.1622776601683849063562661770959e-01
-3.1622776601683860304263105504738e-01
-3.1622776601683871724283833436958e-01
-3.1622776601683883194565962257427e-01
-3.1622776601683894579406399235365e-01
-3.1622776601683905738707018569485e-01
-3.1622776601683916530403901420105e-01
-3.1622776601683926813023669510187e-01
-3.1622776601683936448308787372471e-01
-3.1622776601683945303850127715784e-01
-3.1622776601683953255663246663396e-01
-3.1622776601683960190644803274803e-01
-3.1622776601683966008847422297201e-01
-3.1622776601683970625515017974583e-01
-3.1622776601683973972826083181625e-01
-3.1622776601683976001299553253144e-01
-3.1622776601683976680826371176207e-01
-3.1622776601683976001299553253301e-01
-3.1622776601683973972826083181901e-01
-3.1622776601683970625515017974978e-01
-3.1622776601683966008847422297478e-01
-3.1622776601683960190644803275316e-01
-3.1622776601683953255663246664027e-01
-3.1622776601683945303850127716375e-01
-3.162277660168393644830878737326e-01
-3.1622776601683926813023669511055e-01
-3.1622776601683916530403901420893e-01
-3.1622776601683905738707018570392e-01
-3.1622776601683894579406399236193e-01
-3.1622776601683883194565962258334e-01
-3.1622776601683871724283833437866e-01
-3.1622776601683860304263105505645e-01
-3.1622776601683849063562661771748e-01
-3.1622776601683838122574512027848e-01
-3.1622776601683827591266448643035e-01
-3.1622776601683817567720348638482e-01
-3.1622776601683808136987420424801e-01
-3.1622776601683799370272426077401e-01
-3.1622776601683791324449702059358e-01
-3.162277660168378404190493947907e-01
-3.1622776601683777550688431429168e-01
-3.1622776601683771864958079311164e-01
-3.1622776601683766985684062587821e-01
-3.1622776601683762901581862965316e-01
-3.1622776601683759590236393089347e-01
-3.1622776601683757019377361266577e-01
-3.1622776601683755148264709742365e-01
-3.1622776601683753929142951754509e-01
-3.1622776601683753308724418172147e-01
-3.1622776601683753229663688937051e-01
-3.162277660168375363198867990931e-01
-3.1622776601683754454457812764166e-01
-3.1622776601683755635817231175382e-01
-3.1622776601683757115936951307407e-01
-3.1622776601683758836809960551473e-01
-3.1622776601683760743403425329038e-01
-3.1622776601683762784356170535363e-01
-3.1622776601683764912521302619188e-01
-3.1622776601683767085357141045166e-01
-3.1622776601683769265173400053841e-01
-3.1622776601683771419242752228429e-01
-3.1622776601683773519790462552941e-01
-3.1622776601683775543876687852952e-01
-3.1622776601683777473187297729541e-01
-3.1622776601683779293749717223836e-01
-3.1622776601683780995590365050563e-01
-3.1622776601683782572349825938475e-01
-3.162277660168378402087102420147e-01
-3.1622776601683785340774438108077e-01
-3.1622776601683786534032894340941e-01
-3.1622776601683787604556792132e-01
-3.1622776601683788557798807479204e-01
-3.1622776601683789400385293316821e-01
-3.1622776601683790139779787580973e-01
-3.1622776601683790783982324215613e-01
-3.1622776601683791341266658147701e-01
-3.1622776601683791819956098977965e-01
-3.1622776601683792228237423572391e-01
-3.1622776601683792574011318488769e-01
-3.1622776601683792864776993376462e-01
-3.162277660168379310754800190921e-01
-3.1622776601683793308795896327174e-01
-3.162277660168379347441810851573e-01
-3.1622776601683793609726374079734e-01
-3.1622776601683793719452072682651e-01
-3.1622776601683793807765023472912e-01
-3.1622776601683793878302524022433e-01
-3.1622776601683793934205731137029e-01
-3.1622776601683793978160830198212e-01
-3.1622776601683794012442806745792e-01
-3.1622776601683794038960002963029e-01
-3.1622776601683794059297998733045e-01
-3.1622776601683794074761691169763e-01
-3.1622776601683794086414750103778e-01
-3.1622776601683794095115894809357e-01
-3.1622776601683794101551666558277e-01
-3.1622776601683794106265561813582e-01
-3.162277660168379410968354311148e-01
-3.1622776601683794112136061377981e-01
-3.1622776601683794113876807958034e-01
-3.162277660168379411509847101347e-01
-3.1622776601683794115945803440171e-01
-3.1622776601683794116526322441675e-01
-3.1622776601683794116918958521215e-01
-3.1622776601683794117180957817858e-01
-3.1622776601683794117353319828463e-01
-3.1622776601683794117465025620205e-01
-3.1622776601683794117536282066448e-01
-3.1622776601683794117580977411474e-01
-3.1622776601683794117608514048812e-01
-3.1622776601683794117625156830227e-01
-3.1622776601683794117635010209619e-01
-3.1622776601683794117640715422237e-01
-3.1622776601683794117643939843461e-01
-3.1622776601683794117645714623514e-01
-3.1622776601683794117646663442022e-01
-3.1622776601683794117647154527538e-01
-3.1622776601683794117647399621336e-01
-3.1622776601683794117647516983605e-01
-3.1622776601683794117647570554123e-01
-3.1622776601683794117647593661358e-01
-3.1622776601683794117647602966091e-01
-3.1622776601683794117647606399963e-01
-3.1622776601683794117647607526693e-01
-3.1622776601683794117647607836005e-01
-3.1622776601683794117647607896471e-01
-3.1622776601683794117647607898601e-01
-3.1622776601683794117647607893947e-01
-3.162277660168379411764760789162e-01
-3.1622776601683794117647607891265e-01
-3.1622776601683794117647607891304e-01
-3.1622776601683794117647607891146e-01
-3.1622776601683794117647607891067e-01
-3.1622776601683794117647607890949e-01
-3.1622776601683794117647607891107e-01
-3.1622776601683794117647607891028e-01
-3.1622776601683794117647607890949e-01
-3.1622776601683794117647607890989e-01
-3.1622776601683794117647607891028e-01
-3.1622776601683794117647607891028e-01
-3.1622776601683794117647607891265e-01
-3.1622776601683794117647607891067e-01
-3.1622776601683794117647607891107e-01
-3.1622776601683794117647607891067e-01
-3.1622776601683794117647607891067e-01
-3.162277660168379411764760789091e-01
-3.1622776601683794117647607890989e-01
-3.1622776601683794117647607890989e-01
-3.1622776601683794117647607891067e-01
-3.1622776601683794117647607890949e-01
-3.162277660168379411764760789091e-01
-3.1622776601683794117647607890989e-01
-3.162277660168379411764760789091e-01
-3.1622776601683794117647607890831e-01
-3.1622776601683794117647607890831e-01
-3.1622776601683794117647607890989e-01
-3.1622776601683794117647607890713e-01
-3.1622776601683794117647607890752e-01
-3.1622776601683794117647607890831e-01
-3.162277660168379411764760789087e-01
-3.1622776601683794117647607890713e-01
-3.1622776601683794117647607890634e-01
-3.1622776601683794117647607890634e-01
-3.1622776601683794117647607890594e-01
-3.1622776601683794117647607890594e-01
-3.1622776601683794117647607890791e-01
-3.1622776601683794117647607890791e-01
-3.1622776601683794117647607890831e-01
-3.1622776601683794117647607890791e-01
-3.1622776601683794117647607890791e-01
-3.1622776601683794117647607890673e-01
-3.1622776601683794117647607890831e-01
-3.1622776601683794117647607890949e-01
-3.162277660168379411764760789087e-01
-3.162277660168379411764760789091e-01
-3.1622776601683794117647607890831e-01
-3.1622776601683794117647607890831e-01
-3.162277660168379411764760789091e-01
-3.1622776601683794117647607890831e-01
-3.1622776601683794117647607890752e-01
-3.1622776601683794117647607890989e-01
-3.1622776601683794117647607890831e-01
-3.1622776601683794117647607890752e-01
-3.1622776601683794117647607890791e-01
-3.162277660168379411764760789087e-01
-3.1622776601683794117647607890791e-01
-3.1622776601683794117647607891028e-01
-3.1622776601683794117647607890949e-01
-3.1622776601683794117647607890989e-01
-3.1622776601683794117647607890989e-01
-3.1622776601683794117647607891146e-01
-3.1622776601683794117647607890989e-01
-3.1622776601683794117647607891107e-01
-3.1622776601683794117647607890989e-01
-3.1622776601683794117647607891028e-01
-3.1622776601683794117647607890831e-01
-3.162277660168379411764760789091e-01
-3.162277660168379411764760789091e-01
-3.1622776601683794117647607890831e-01
-3.1622776601683794117647607890791e-01
-3.162277660168379411764760789087e-01
-3.1622776601683794117647607890949e-01
-3.1622776601683794117647607891186e-01
-3.1622776601683794117647607891186e-01
-3.1622776601683794117647607891186e-01
-3.1622776601683794117647607891146e-01
-3.1622776601683794117647607891028e-01
-3.162277660168379411764760789087e-01
-3.1622776601683794117647607890949e-01
-3.1622776601683794117647607890752e-01
-3.162277660168379411764760789091e-01
-3.1622776601683794117647607890791e-01
-3.1622776601683794117647607890673e-01
-3.162277660168379411764760789087e-01
-3.162277660168379411764760789091e-01
-3.1622776601683794117647607890791e-01
-3.1622776601683794117647607891146e-01
-3.1622776601683794117647607890713e-01
-3.1622776601683794117647607891067e-01
-3.162277660168379411764760789233e-01
-3.1622776601683794117647607897733e-01
-3.1622776601683794117647607908738e-01
-3.1622776601683794117647607906924e-01
-3.1622776601683794117647607795615e-01
-3.1622776601683794117647607234459e-01
-3.1622776601683794117647605246056e-01
-3.1622776601683794117647599343168e-01
-3.1622776601683794117647583735555e-01
-3.1622776601683794117647545834062e-01
-3.1622776601683794117647459748512e-01
-3.1622776601683794117647274658945e-01
-3.1622776601683794117646894726375e-01
-3.16227766016837941176461454371e-01
-3.1622776601683794117644718753675e-01
-3.1622776601683794117642085944169e-01
-3.1622776601683794117637362194937e-01
-3.1622776601683794117629100772548e-01
-3.1622776601683794117614986220086e-01
-3.1622776601683794117591385489376e-01
-3.1622776601683794117552702637855e-01
-3.162277660168379411749046640905e-01
-3.1622776601683794117392060372775e-01
-3.1622776601683794117238982153931e-01
-3.1622776601683794117004491583937e-01
-3.1622776601683794116650477598996e-01
-3.1622776601683794116123340848436e-01
-3.1622776601683794115348654141213e-01
-3.1622776601683794114224327334368e-01
-3.1622776601683794112611968833822e-01
-3.1622776601683794110326104859768e-01
-3.1622776601683794107120892941264e-01
-3.1622776601683794102673951194433e-01
-3.1622776601683794096566923845133e-01
-3.1622776601683794088262420627721e-01
-3.162277660168379407707700793451e-01
-3.1622776601683794062149997863719e-01
-3.1622776601683794042407882451954e-01
-3.1622776601683794016524398855967e-01
-3.162277660168379398287639079608e-01
-3.1622776601683793939495854767856e-01
-3.1622776601683793884018827419517e-01
-3.1622776601683793813632082127529e-01
-3.1622776601683793725018954820308e-01
-3.1622776601683793614306005361023e-01
-3.1622776601683793477012632022292e-01
-3.1622776601683793308006180194614e-01
-3.1622776601683793101465506474181e-01
-3.1622776601683792850856356317857e-01
-3.1622776601683792548922265177531e-01
-3.1622776601683792187694974417673e-01
-3.1622776601683791758528537577071e-01
-3.1622776601683791252161351810479e-01
-3.1622776601683790658810256109637e-01
-3.1622776601683789968300566068071e-01
-3.1622776601683789170235441591099e-01
-3.1622776601683788254207290713061e-01
-3.1622776601683787210052987593973e-01
-3.1622776601683786028153521749082e-01
-3.1622776601683784699777303941055e-01
-3.1622776601683783217464747968146e-01
-3.1622776601683781575449954429221e-01
-3.1622776601683779770113382256677e-01
-3.1622776601683777800457358377962e-01
-3.1622776601683775668594209052394e-01
-3.1622776601683773380234772499783e-01
-3.1622776601683770945163154563622e-01
-3.1622776601683768377681906818759e-01
-3.1622776601683765697010432803883e-01
-3.1622776601683762927618455716471e-01
-3.1622776601683760099475898882644e-01
-3.1622776601683757248200619071902e-01
-3.1622776601683754415086160266968e-01
-3.1622776601683751646993112709865e-01
-3.1622776601683748996089799057518e-01
-3.1622776601683746519430871759094e-01
-3.1622776601683744278365971637071e-01
-3.1622776601683742337774816070939e-01
-3.1622776601683740765129875108519e-01
-3.1622776601683739629393044376383e-01
-3.1622776601683738999758295961087e-01
-3.1622776601683738944258018390096e-01
-3.1622776601683739528256459693649e-01
-3.1622776601683740812859163216778e-01
-3.1622776601683742853272325791164e-01
-3.1622776601683745697150402440316e-01
-3.1622776601683749382973828465623e-01
-3.1622776601683753938501241662836e-01
-3.1622776601683759379341901600077e-01
-3.1622776601683765707693988488045e-01
-3.1622776601683772911293029470731e-01
-3.1622776601683780962611798838136e-01
-3.1622776601683789818348674164121e-01
-3.1622776601683799419235658968842e-01
-3.162277660168380969019021398149e-01
-3.1622776601683820540826835523195e-01
-3.1622776601683831866335191923363e-01
-3.1622776601683843548721831397825e-01
-3.162277660168385545840229747429e-01
-3.1622776601683867456120247073981e-01
-3.1622776601683879395160193723247e-01
-3.1622776601683891123811129707798e-01
-3.1622776601683902488029843425877e-01
-3.1622776601683913334245547553674e-01
-3.1622776601683923512241742791883e-01
-3.1622776601683932878047289210113e-01
-3.1622776601683941296766617018581e-01
-3.1622776601683948645278993573133e-01
-3.1622776601683954814738818732288e-01
-3.1622776601683959712813021115985e-01
-3.1622776601683963265597677299676e-01
-3.1622776601683965419163810052221e-01
-3.1622776601683966140691712597943e-01
