1.0000000000000000580959941816256027738374199284896739321129003	1.5229979744712629089994703633336316788986988684804355856021007e-08	-3.9895352253493668150937050524656664354382153612097535335744997e-17
8.1873075307798176079911529001635208990399224749145605598703003e-01	1.8601939266915527718650677768616888503572747594269337264147005e-08	-6.0423080263110672372529081124942575367752984319144967485526014e-02
6.703200460356391015418227469616376499672696378434968954063301e-01	2.2720459927738597267541552365482478877092708226139926765014991e-08	-1.0989331381762068021325934992458290132889727844775417060423e-01
5.4881163609402617204662553914005218937097473106826231957741023e-01	2.7750832422407540628400875734956170951914996372144363825614001e-08	-1.5039611483784398330926033739140008045390587458876404614732995e-01
4.4932896411722179712224544381324105877925120783280334862784006e-01	3.3894943261969205733799399211608090606624110041513919061158012e-08	-1.8355700294370217204745073673953043083143083977158009534821006e-01
3.6787944117144242465349081895147311142442021817821057805042004e-01	4.1399377187851659181372447402926593056581393993864446485585992e-08	-2.1070684101065916859838528873767193897497683416862943299768001e-01
3.0119421191220212751886474782403998810475333832976880775794992e-01	5.0565313483355240969822390543830292567395235934385052714849002e-08	-2.3293524736988898904979248285287542965063178092544573148271005e-01
2.4659696394160645841284176171615551329676685081098196431948006e-01	6.1760613355803727247980407969532641016163965477815575430934964e-08	-2.5113432601781598754031202527247962952467463286527604314032012e-01
2.0189651799465535745251259894349708930434564048390947262255994e-01	7.5434583498442508351299476608599834344448785386783923778145009e-08	-2.6603446988188075007642123102645232341874079093588776629390004e-01
1.6529888822158665067044169196818742102190132163640493285897004e-01	9.2136008345661227190690983800827040242284409816248042781870987e-08	-2.7823367405330173668410093162417237745216139663602493323494008e-01
1.3533528323661275985737631983716027385193158677476281826933006e-01	1.1253517471925906936951235012464646677094489002268565125394998e-07	-2.8822153542978931529881843263069167636486672083335493056332987e-01
1.1080315836233391929525629698596195354794135111778916002344e-01	1.3745077279213966770566028344446104910630653160674238013906007e-07	-2.9639890195814177738817473608197568053765868570220393374269002e-01
9.0717953289412516702894745652401782054709145250629386638631961e-02	1.6788275299956624812930466497187753729011603066255503932421005e-07	-3.0309396006982324256589246785957257670213893973437115593198995e-01
7.4273578214333878146389005570359169846182195251945108211083998e-02	2.0505245756119277735963147809057074619324381208053131990726998e-07	-3.0857540595479895804336003113910084155403586744043337428321999e-01
6.0810062625217952325386835343371251319901781298396714226708006e-02	2.5045163723276207459856562946632208114494326293721568937429006e-07	-3.1306322928309491743986010818062787091522615173532187602299985e-01
4.9787068367863923761871797633940082807723838837088420903948983e-02	3.0590232050182593735248979654070125313310535419372492258946002e-07	-3.1673754216269212629577992213322912040289084335406574813764007e-01
4.0762203978366192191323088202207195452595793467852298753992019e-02	3.7362993798852653415912382781306081605388879993035938649628002e-07	-3.1974580767083638496251246340725105012369036763672446636672995e-01
3.3373269960326054743977072678610957636884802015818069962873013e-02	4.5635263679039960735821053138337865322410290263537572972348999e-07	-3.2220875806510614537255156417570612396668414870664357012116987e-01
2.7323722447292566029212976287986721657077451917507569250912991e-02	5.5739036926945975457839483100858795506479026479758483242324979e-07	-3.2422524019282883316201393702343539231167385295372207208094991e-01
2.2370771856165596084773714401033005325813057760986976441406003e-02	6.8079813439763383322119116273060830631270904277789277822864019e-07	-3.2587618256213896146430498928611111092616191470291769353900986e-01
1.8315638888734177290894470587377492513882237102668192649498008e-02	8.3152871910356810439989230619845505986464141259192672587572985e-07	-3.272278432871687668633458320766530832230805407193303173536599e-01
1.4995576820477717738165482264299816614290346795792327453249001e-02	1.0156314710024902400292279682434726128710745313350579178757998e-06	-3.2833446925881639586650192061758819053865454245869143376745001e-01
1.2277339903068448434884665748217813505339097975046930130332997e-02	1.2404950799567123484314559025146493625082578749600165458674e-06	-3.2924047326295141153480659246622422406962546372973961265128013e-01
1.0051835744633585797233919967994046940800384615433913180870003e-02	1.5151441121432491430670713832685529940867803900978616081035999e-06	-3.2998221642145557023911322390643714911741042089092501901856992e-01
8.2297470490200307813741091482682259330566605389610017679025032e-03	1.8506011975819065039645412960592300943869174852858624792936996e-06	-3.3058946749171652081804850107459128249112064191068732967888985e-01
6.7379469990854674880837780781194113492818066672173020793964015e-03	2.2603294069810544228264197169433796006033240090496322407079006e-06	-3.3108659759138696081818893690480337909171831728629367210986995e-01
5.5165644207607717585453552773355334403175731852065665328750015e-03	2.7607725720372014019230818707292880616551053495567245897146989e-06	-3.3149355829690883734988863677802004612489534039164045827340009e-01
4.5165809426126666394323892456786788861064031141224426906251993e-03	3.3720152341391845542576003912724357731689867038965765496695991e-06	-3.3182668237033069881562073645556292689984073769491143631137011e-01
3.6978637164829290649060542151414053328034239822038358409428011e-03	4.1185887075357116220809535776074551969152915589344154874943983e-06	-3.3209933925039692038591690285490322587709810678020557483142006e-01
3.0275547453758161341348026539724640087334781010403775287022011e-03	5.0304556071114425366383108162839020831648306391737736986808997e-06	-3.3232247161506779804332559050095562179684747104874841424152985e-01
2.4787521766663591174442872390602827008690345990288963061694991e-03	6.1442123533282086581782776791483875831090729978922803286097009e-06	-3.3250503454960844831948762948826809178910454904225533311275003e-01
2.0294306362957345714128686698401295754462416315768677866322998e-03	7.5045579150768633395840836279478893938196328302945112710181983e-06	-3.3265435494560392700017201304769645323865545740241841456616013e-01
1.6615572731739343742491788790608811062183828151763832299856001e-03	9.1660877362476160880902819096930504956083831092899232141991014e-06	-3.3277642555484500390068566233642027739752108459117393801294998e-01
1.3603680375478930730003604498929929947434394544226747585694002e-03	1.1195484842590947600057003761068429252446961977590237759432004e-05	-3.3287614549949950381340514422931890173352574736136257518101006e-01
1.1137751478448025994180162565598985060936060795560096907981e-03	1.3674196065680960641471946727558596263274505904182400017756005e-05	-3.3295751689108688598251449548505515677190226294711557518616003e-01
9.1188196555451565354441311015326389881695830796675473372788996e-04	1.6701700790245671155245623292150357463665711047708798111676007e-05	-3.3302380544926588665821429836202321578963144364844897609571e-01
7.4658580837667961039471333123310663983288061723166739566635974e-04	2.0399503411171931864032498973007358877678750855824293745266008e-05	-3.3307767156663114337242013904073717237931090612349174359941997e-01
6.112527611295726454717177725711000311618391012843680293144602e-04	2.4916009731503195090329554916689277428230080350796119641375004e-05	-3.3312127707960929085739240482404090868634771659969431147745015e-01
5.0045143344061068012724305721380380225595933483015106242278012e-04	3.0432483008403640515706191073569625436043118145613739421981996e-05	-3.3315637203054548263653671056472903171651639609397371515555995e-01
4.0973497897978662309059895791261952374273077858850222880003994e-04	3.7170318684126716055160922342854375989188883469856716720762003e-05	-3.3318436490304751874739661009695838356685897835775442718029991e-01
3.3546262790251170933509064510599710038044078633386431218197004e-04	4.5399929762484873646333900304659319079750293736454440973354013e-05	-3.3320637914937854780571884044352269488699893913650202227257998e-01
2.7465356997214217282509997682713878068916731620351517432116997e-04	5.5451599432177018665182068863868731381922577008752502981341987e-05	-3.3322329827854109560745640162388934042694931768680043960273011e-01
2.2486732417884835576533093823180662759505943629093992078178997e-04	6.7728736490853854850618208714020108051815657159167278212046005e-05	-3.3323580131459554694790282900536504115128038229973236462144999e-01
1.8410579366757916017840423916954901541252263877554008617832997e-04	8.2724065556632255259646831953047304448128163279543372796788015e-05	-3.3324439004827990430589609879418616031612745638095855429397993e-01
1.5073307509547660270650109589872527514751489107936417171270998e-04	1.0103940183709335955557755731081642043584156491831894212114997e-04	-3.3324940917563401024894862706845381478860515773864032300152e-01
1.2340980408667952926477075860305117148395481264538497743565997e-04	1.2340980408667958219838473661687485017562853407270178106275999e-04	-3.3325106013186193650285480074470859428456741914364046241744015e-01
1.0103940183709331621719992195237920989133286857254015419854997e-04	1.5073307509547666735976320803054052285427446883232274664444003e-04	-3.3324940917563401024257111745073296361042115261912129276778993e-01
8.2724065556632219777184273378073645362491993579887707769828006e-05	1.8410579366757923914607690697976970094024467657047788217871994e-04	-3.3324439004827990429288512770483023721791842920425962977907002e-01
6.7728736490853900994037597986629251736114428026248696785453001e-05	2.2486732417884820256378335097809883253823334092407579592994002e-04	-3.3323580131459554698588917897370192453822934664839740225168991e-01
5.5451599432176994880576133142026583269059966449239546909666005e-05	2.7465356997214229063102437791783852017750643169259140808712008e-04	-3.3322329827854109557932479887290623980366017050676560821569011e-01
4.5399929762484899999999999999999999999999999999999999999999997e-05	3.354626279025120000000000000000000000000000000000000000000001e-04	-3.3320637914937899999999999999999999999999999999999999999999989e-01
3.7170318684126700111862776570255044227761554179584145366873994e-05	4.0973497897978679883638650792016415190727603408480209141341991e-04	-3.3318436490304751869958298416706925885379141310699784517065987e-01
3.0432483008403627462437693638379903765706405430747158982803004e-05	5.0045143344061089478363270582429346675151737518177324294520019e-04	-3.3315637203054548257621614699305190814072167972091461771463998e-01
2.4916009731503184403217207882481587172013596045681332332474e-05	6.1125276112957290765362414608812782808432351723109531719253996e-04	-3.331212770796092907821440275945802344930453698954249990583401e-01
2.0399503411171923114164958856693849528376387792467335696720998e-05	7.4658580837667993062441691553827183613535053139112248336752022e-04	-3.3307767156663114327922396656030170429233899466499262393418e-01
1.6701700790245645448847215109227704130821536665043572863324994e-05	9.1188196555451705706621021190502868629236398447840532966379978e-04	-3.3302380544926588621204679899667480846940234762728594913707015e-01
1.3674196065680939594853019073323981609889069590143922386548e-05	1.1137751478448043136834103745580683099811746474191751268940998e-03	-3.3295751689108688543421231543869129902140471957259462563375008e-01
1.1195484842590930368542839377412997794097629397318721688991002e-05	1.3603680375478951668088410441469104397863196638726405665148998e-03	-3.3287614549949950314096299179714573770888569272709083655696001e-01
9.166087736247622332923014462710221256906677588923720884463603e-06	1.6615572731739332422343493138501320914839988337815708722179006e-03	-3.3277642555484500430013121405068313246118677239006454157115007e-01
7.5045579150768684524206895971100053782561492042833190070800996e-06	2.0294306362957331887668335606769070226793635103856536429641011e-03	-3.3265435494560392748894814851847897149863605659833831986586011e-01
6.1442123533282128442148424489525396018118821059560313791355005e-06	2.4787521766663574286766063975050058022864154665262456957766005e-03	-3.3250503454960844891721065124142731254268076715079648036366004e-01
5.0304556071114459638751799022332301094597922581764975970811017e-06	3.0275547453758140714692993823430824206877432130526160098862993e-03	-3.3232247161506779877398422214732399200049128067969428477923006e-01
4.1185887075357098555131643136614983489930764536043471248075021e-06	3.6978637164829306510141593226401346444576964486171474629572006e-03	-3.3209933925039691991187476563327865175223114549705696237428988e-01
3.3720152341391831079142239238966640207175674155841538363093991e-06	4.5165809426126685767092035641785292542825402737581101733061987e-03	-3.3182668237033069823641152421878208757486917429303656182806e-01
2.7607725720372002177572800462439080990403061034658502772321001e-06	5.516564420760774124740599605698867031843333822756168918845802e-03	-3.3149355829690883664226665009753706749148006121040613878435011e-01
2.2603294069810534533134610199904126467702258659835398116222995e-06	6.7379469990854703781611758462598573138249339944812761558396993e-03	-3.3108659759138695995375482082581381958355962567670112694003012e-01
1.8506011975819057101944665032407471328043473543836870941131002e-06	8.2297470490200343113226140786418550298835342181916497876855975e-03	-3.305894674917165197621094792847972280431537148145270062762901e-01
1.5151441121432484931831002773784071002985925884454278932916004e-06	1.0051835744633590108722760053321027149037016729627116861327996e-02	-3.2998221642145556894929075580803491951540629704324511212492008e-01
1.2404950799567118163514628256799020093647008140738308266257996e-06	1.2277339903068453700949026805228529373457337283401817663545005e-02	-3.292404732629514099593355735405659481702780157731419030235401e-01
1.0156314710024898043989745387192636181271149162555910985844994e-06	1.4995576820477724170151017508306296889491488753673055748464004e-02	-3.2833446925881639394215316702123855126695575069134231076114007e-01
8.3152871910356682455367726644701861347496939697958791061039005e-07	1.8315638888734205481383348773335236231097859549401755956688999e-02	-3.2722784328716875773504830048639036853929976291862527614280004e-01
6.807981343976342970472635594394592713543785351471186886450099e-07	2.2370771856165580843622597397947622017345651215606527833131997e-02	-3.2587618256213896687200350724128414564456602235382931814268995e-01
5.5739036926946013432706438156849199559491708154343943412479987e-07	2.7323722447292547413628964444461590006285203718276627295271002e-02	-3.2422524019282883976705809177765851130514782133934584436903985e-01
4.5635263679039941161692001977225168016554261539392003610759995e-07	3.3373269960326069058624132835656741685392518566551362385434005e-02	-3.2220875806510614108960313637884574950410049758043125764406014e-01
3.7362993798852637389970963878568640146644304701944577050499993e-07	4.0762203978366209675272489567392577259140905809312158194874006e-02	-3.1974580767083637973128385747698496651699930350374833810352994e-01
3.0590232050182580614317892972213098070527680981915387138745007e-07	4.9787068367863945116815819994231538628695838334486197049979989e-02	-3.1673754216269211990632356602411400753582995246470392003888998e-01
2.504516372327619671734677326329444739515502189281910856298801e-07	6.0810062625217978408374364610267375868038130598180346840363996e-02	-3.1306322928309490963574468341907833723062851619177141548041985e-01
2.0505245756119268940740017754027000398237333287700541443579007e-07	7.4273578214333910004221914874265254284795841724351364312319969e-02	-3.0857540595479894851137898362161571066224864593860974011321987e-01
1.6788275299956617612010809738349481666124172885634678804317001e-07	9.0717953289412555614139730082027251955096988235829244907433025e-02	-3.0309396006982323092349392909375923438620490259001042011535013e-01
1.3745077279213960874951654912240855323927196214217123382278001e-07	1.1080315836233396682155824441438964857671136288998126574601004e-01	-2.9639890195814176316810837347323468000548453097898572789316995e-01
1.1253517471925902110030439194941938824366101997355045377873002e-07	1.3533528323661281790613260357930306949651027479291514381104996e-01	-2.8822153542978929793038305300800123181777335165843186931306014e-01
9.2136008345661187671206001726315335260248022947363492013224003e-08	1.6529888822158672157135272469834344027560675207672700069396008e-01	-2.7823367405330171547024023849033254042426832581403752899636004e-01
7.5434583498442392246270323001028549026798634126557022512863972e-08	2.0189651799465566820124375970268037913372935305858848707242992e-01	-2.6603446988188064944905660574860375930895190900366529174431995e-01
6.1760613355803632189222452895384047588982680893523600369051019e-08	2.4659696394160683796219909624060344003421676473273410096974003e-01	-2.5113432601781586463375618614449706358966073778878075583070004e-01
5.0565313483355275419844456548070958795911404791149154945354986e-08	3.0119421191220192231599875662108226725809215803489884903302012e-01	-2.3293524736988906185983226798683473194156499085263316850113001e-01
4.1399377187851687386664957055665996571952804121674153051872004e-08	3.6787944117144217401814431492442332570474807791885429383104013e-01	-2.1070684101065925752877362613418891718582763290099712087176003e-01
3.3894943261969228826339776424352223132261709578912925406936986e-08	4.4932896411722149099554193136466814057123897846765878394912003e-01	-1.8355700294370228066727636615070877688985383665433136622421996e-01
2.7750832422407528725360741382903672151121912538889281664123e-08	5.4881163609402640744594009634555527562848499262699601183282978e-01	-1.5039611483784391287672675656758842717652003441596414760383994e-01
2.2720459927738587522156539249985907066907926853481568879162007e-08	6.7032004603563938905919481614590808340652728974648135113300016e-01	-1.0989331381762059418676713600405828653014659930572216824535003e-01
1.8601939266915519739804266945689684847460570704469224389938995e-08	8.1873075307798211197362655428185892239335612769759554637319989e-01	-6.0423080263110567299533042061550389499716143967244535772227989e-02
1.5229979744712622557467773006729664927407390769571322567145991e-08	1.0000000000000004870215108353491990022963157440364357915517	8.8441095878072618054057910751633676954451504812543936662035986e-17
