4.741862811964683637933740769002746831852491598405510855857409689180229e+06
4.732198632389688486674537213635170867543353137729109938258643204093825e+06
4.7129328787868850729319387906330381817195278212590331939194904742334975e+06
4.6841900550394276968501123121907150758655006982568791250055509317584187e+06
4.6461551604580829142383806122038993799962748694280575505869048441405715e+06
4.5990716139593894082496452755713160606387433876619686480268787205649406e+06
4.5432385389008829133557994535359202020972058330615785968947044992403826e+06
4.4790074522225547547843119706303656849990568811351337103797953828039199e+06
4.4067784107067629558992250807245577132980844288976141667736123987514158e+06
4.3269956752325661801295676060517602817844538957922664229207085597737512e+06
4.2401429607092460846456957550807328282971980053485578967305823832909625e+06
4.1467383448037138365132381011245952611912979671324912076072109369441924e+06
4.0473289125381285489325464827212302448190456228362503815585905379459638e+06
3.9424852162741455833166368013305622651457395016233568723342966446212926e+06
3.8327956315023696120172924180798498355167348201748779489465637364566704e+06
3.7188606882398837715834933760231825861584728783218643903393153111636339e+06
3.601287455760293746425025606697027869066214834918446148911682575389001e+06
3.4806840549273983486018047147277252355624259345460958387217238171152608e+06
3.357654367692701036782066877666525140722511949091546218564993433312014e+06
3.2327930074913793606651617506788332243790318647783267130175164618233327e+06
3.1066806074949064820672801478471769960413277875642660501433714208006954e+06
2.9798794761311756526390681883196694002946860061355249454653228888819744e+06
2.8529296611554037686372558412018400597031505107191584145141924210166721e+06
2.7263454550434092573842649001464133480496835403203757617804580744338733e+06
2.600612365779351349404789992250618985487205553032049337708716719037269e+06
2.47618456841405353810387190391380877360248900334229171626534133767325e+06
2.353482844259382835545154347074827116961919163902895304748163085755367e+06
2.2328930064267827059362901973580373153805940268316342129324780457202915e+06
2.1147648027645149273615367359657795161960143543407630759080750923515335e+06
1.9994112802286673084931729877484640522247065283762965491309747835392664e+06
1.8871085884452037781909309761492706278809100131622150821182869917242801e+06
1.7780961947679635922765498084243048063810502365448653866235826802099733e+06
1.6725774785695869843635501501701034275063649041397001259827619112049227e+06
1.5707206688532757434292698194016217307162091729045191933050539764750036e+06
1.4726600865536425295782467730244804446688592155000059775309220303632947e+06
1.3784976510927155392724470261316630988382584205267459097525292724234334e+06
1.288304609839905900928186807102656982314723327774699006533294323461594e+06
1.2021234490416356543415642354078982255746336857019340913563791930223278e+06
1.1199699454710448995030845550297972168350267360847268539881000979547806e+06
1.0418353194218210626447419692998027587367354034721868861432052981931112e+06
9.6768845164425049594401732873598397350064075172032362274502648036499481e+05
8.974781293011564952793362968054579771115798873550117980575944459563344e+05
8.3113528890809364176744817055072103237266570970046334439054799252954397e+05
7.6857522741707231775855490305315684280244302354699399561189047308147623e+05
7.0969975600929271193813972846613594764890536233768490250803940820286115e+05
6.5439927468735806923282951032109333840644403862423456364490446939233754e+05
6.0255474931506917815585219120949428222404146872785811727432576726536004e+05
5.5403957626502933568846456387932609839499916839024466074905929493565234e+05
5.0872132323199797470509841412709349707860221194987376844070314042107402e+05
4.6646333799439162944133485759448818463122291519832218955433858637352488e+05
4.2712621990926986602426703520560313782017447013357474266489634551415992e+05
3.9056915166996634731688100326386435562177560287102233241712871127096724e+05
3.5665109131311560833354675748170733626239444485151314543445019741652897e+05
3.2523182661606849944790217118461782980712907161559554037145118462677391e+05
2.9617289586875324954420152622623493682404449251629839336258612795430381e+05
2.6933838053647893564046210190564299537689079792920343841990407875183122e+05
2.4459557655989444638480993194997401873318702745554167508651409138659352e+05
2.2181555197942895987472403387280204699050572400761441955762107181209815e+05
2.0087359924321973810453469059809906446351365186189588684935256506413192e+05
1.8164959098282998591727687613307068822727006064998595324667739812327639e+05
1.640282482457708039817225088786060098504256751963188164690379932598161e+05
1.4789933018544580266195199744038089863748315815396148514518181044751177e+05
1.3315775405582362038229770712183733947597743706693818622044107491929012e+05
1.1970365406795160248446345411364427982257453713861444403524868166147551e+05
1.074423872655077465912003563763168218912562383741017603666699117615794e+05
9.6284494092613707718165843100007464973833364925240114290184586140862228e+04
8.6145620782805189895459571081386800703237559668507867628406007364196595e+04
7.6946410114780642251702814791367629197030773763438636650560473589158203e+04
6.8612366477203488805085958054156320590211923977580975691729900747378163e+04
6.1073700577659790430167866305486661584198003879439147449307822972593496e+04
5.4265158533464587005700508365787409543287070731022679840498058515779073e+04
4.8125839505376519124096189602459716015848285442157921517858259569614963e+04
4.2599005487985622180541528603264448971623797833670580426457563176852392e+04
3.7631886358888570535712081168638918711584465451665239302157493625618578e+04
3.317548281703026780330600822045720024750490821958843219070607908118566e+04
2.9184369411255901155716397958534023442967660045205728784881774868088573e+04
2.5616499474142349339240925423100262252130600554294671746589143323302773e+04
2.2433013433254457420015538062593900830790438155458908393715227151976737e+04
1.9598051670777149356708015736356684578343627174218833306922795696668456e+04
1.7078572840906148110745732431325952859895749327608757134772770729114746e+04
1.4844178329771374548579685041960169101594394300831198758939669469280284e+04
1.2866943351977631515614895111120153049992867791153163789569404292997506e+04
1.1121255017827966941860630763875291408378950542809255210079810017721351e+04
9.5836575726263632168629773510230760730891224343376639901582818291569563e+03
8.2327049008591271099993904087917919732590167500155746664863139011355569e+03
7.0488203003770532462460180980008968019828283329893124290233110813376643e+03
6.0141634619829603405976314438942961919446052560841675048484756389005609e+03
5.1125045353463372226810813394358358223857275923685082649706672579803896e+03
4.3291051204543666535660898926780460954230400030797579437919779659562231e+03
3.6506059926747548986322806039866473720154808338445855762060804091568629e+03
3.0649213470309641849514383350344007770685958108821723892956896444239194e+03
2.5611393318177609891759705194317313395032312132100237765444538090995849e+03
2.1294286318043398130180733012922244228249952122979022440847898330341955e+03
1.7609508557998210597779669349149102415558136924849776232961247941152406e+03
1.4477784813110074576886739630476438240450552631145275720637919907279269e+03
1.1828181096032837304777896902556467931006752498241663904399174762135815e+03
9.5973878703576113305954443215194352311752033961473456994046640298582605e+02
7.7290515256636409700222188454594907261845710289841053893246024791531495e+02
6.173151764071151615367469288566248294806297848364723947016902734965702e+02
4.8854226064100771656961216754173122907724026569571001350035397092511097e+02
3.8268147895005831441911027494168672083904374249725482067011080001028803e+02
2.9629973926894728429232150743129925475130752755119977121209862664284674e+02
2.2638966003610657562917692996145046438466344314052103397843975276484005e+02
1.7032695766622129089159861869221896441687079897262030616893225204252858e+02
1.258311498443555452998054518566503873648320273568216676212581149236902e+02
9.0929386192369193263673102115466743098740079161953196244482275500481374e+01
6.3923224748226182334893733355761340188322424192865670524726490548061764e+01
4.3358179504484820557678325049109532155549565774842009330472587765337057e+01
2.7995870957816911666667754051937070113174067524015145357805235528824576e+01
1.6788618216406766193116854237449829889268986979568159498509759360476332e+01
8.8563176898520033219286335353925176735305938140011531450491766685593321
3.4654597425466933487087896516498193072486189475778571581753346262963324
1.0140923928935299256881863906010942155031208826793029088593176259169449e-02
-2.0050645040846676411233530338901864312717891048755894897847459700300657
-2.9805040415357339356581554234941532313780672811441295977430645798072367
-3.2352418719647465067492295468042798593484335164833200595674826893503991
-3.0193679495061646710790943799587765918903439881321785714932393758839528
-2.5249343703741771932070073342895943028775033786812687797747583060739966
-1.895626675187111504420615551660645881449528380061925553221861865078602
-1.2352723834418663877189986599416061344185445978592732099509055011999716
-6.1528384357439899554662777672403127736953670004487319106896587400935004e-01
-8.1127391431489520894713975137600630235538546935526133558041997227126663e-02
3.4209415336649997044830063841770459600038179016184026777389018444884272e-01
6.448634597723116511276074344249006482659339581144856283954698919618063e-01
8.2919764178323250257513224273164064409708038397228387392613675581114668e-01
9.0525129600221718791916563018586275578120546804237187292134393746863682e-01
8.8850517153798606932663562472239043439955483372413470209656567326760734e-01
7.9747635051249154361703309210072792076593556415818090113456206856464283e-01
6.5189001719797448529630266010880772988917908587981264017045044582295162e-01
4.7125696629438907939516506486488830083482880503724583809499541321296134e-01
2.7380494608126166785143621674740443961292835138712160179225405080219071e-01
7.5715750136070209618534216500208019603524531397560813490404875466070198e-02
-1.0937633799601346765275029278215803366484402075710382382285415811853613e-01
-2.7066557936868692522268975870310222301938069544311192161505680812750799e-01
-4.0027268946283196743427160223308115909412587820895690396641773205440662e-01
-4.9319371040507318522240165792229609166030039847753602926892944238103207e-01
-5.4713075107338668790403843436411962354865784940571193280496051572717084e-01
-5.6223244622014791834819375715499204368789148068259455433472449145717101e-01
-5.4076905864185722910436472292855506596880818688355654776707584864074602e-01
-4.8676434858889864110641643079897499345722136139490811337076853850535065e-01
-4.0560366203807083826843419406223371579636208078717968918451792954265883e-01
-3.0363514414528019810130627926771174379490342155534685478996937424792005e-01
-1.8777856615570386515664024304519360309006200284935600775731519677209879e-01
-6.5153963273916806555042594048128067548213065544564249926143160205926719e-02
5.7259882513069480018208339305155641066126940114021702733204865115921132e-02
1.7292911691118752465515769080258865441640466771694220100818327683394703e-01
2.7602455632345575838813428845893901275726556216973356409736693040390147e-01
3.6163319232696762009379278482936218573393892876088079691089827528859285e-01
4.2591880501529051620963367084373670889634888591225038724265113415220843e-01
4.6623055978204673369122738389288682209915278546421640482342779261573624e-01
4.8115986203939052338116171793222790440491225275021849239746077476736136e-01
4.7054701701777015883838579835004511679867386471246105325926877797721983e-01
4.3544038718077072965633918755915575341276393482038326657755319911135842e-01
3.7801175791097274510018743131454446746347983214700923311633207395462162e-01
3.014325129796333947392104415228856258032184038318955783422845334528631e-01
2.0971598490460167448263027492275875741665755087638643417231401850183889e-01
1.0753198162721565602135293869823274671297950812658246675057162234397581e-01
8.0685321471755083657485906140868659053540330390562334662738586000073724e-63
-1.0753198162721565602135293869823274671297950812658246675057161763418507e-01
-2.0971598490460167448263027492275875741665755087638643417231400220360619e-01
-3.014325129796333947392104415228856258032184038318955783422845098087751e-01
-3.7801175791097274510018743131454446746347983214700923311633206814981049e-01
-4.3544038718077072965633918755915575341276393482038326657755318150746371e-01
-4.7054701701777015883838579835004511679867386471246105325926875949155583e-01
-4.8115986203939052338116171793222790440491225275021849239746076452601831e-01
-4.6623055978204673369122738389288682209915278546421640482342777209861943e-01
-4.2591880501529051620963367084373670889634888591225038724265110922585365e-01
-3.6163319232696762009379278482936218573393892876088079691089825540739828e-01
-2.7602455632345575838813428845893901275726556216973356409736691505390733e-01
-1.7292911691118752465515769080258865441640466771694220100818327318083552e-01
-5.7259882513069480018208339305155641066126940114021702733204850229630281e-02
6.515396327391680655504259404812806754821306554456424992614316112505902e-02
1.8777856615570386515664024304519360309006200284935600775731519628287928e-01
3.0363514414528019810130627926771174379490342155534685478996938590234662e-01
4.0560366203807083826843419406223371579636208078717968918451792864065581e-01
4.8676434858889864110641643079897499345722136139490811337076854165340463e-01
5.4076905864185722910436472292855506596880818688355654776707585644506993e-01
5.6223244622014791834819375715499204368789148068259455433472449903237841e-01
5.471307510733866879040384343641196235486578494057119328049605181498371e-01
4.9319371040507318522240165792229609166030039847753602926892944357742318e-01
4.0027268946283196743427160223308115909412587820895690396641773260669815e-01
2.7066557936868692522268975870310222301938069544311192161505682005715824e-01
1.0937633799601346765275029278215803366484402075710382382285415591116669e-01
-7.5715750136070209618534216500208019603524531397560813490404870152290517e-02
-2.7380494608126166785143621674740443961292835138712160179225404850767144e-01
-4.7125696629438907939516506486488830083482880503724583809499541507583044e-01
-6.5189001719797448529630266010880772988917908587981264017045044675096544e-01
-7.9747635051249154361703309210072792076593556415818090113456206860342953e-01
-8.8850517153798606932663562472239043439955483372413470209656566092882412e-01
-9.0525129600221718791916563018586275578120546804237187292134393447720378e-01
-8.2919764178323250257513224273164064409708038397228387392613674812666722e-01
-6.4486345977231165112760743442490064826593395811448562839546988789955733e-01
-3.4209415336649997044830063841770459600038179016184026777389018674880873e-01
8.1127391431489520894713975137600630235538546935526133558041988716044532e-02
6.152838435743989955466277767240312773695367000448731910689658675625753e-01
1.2352723834418663877189986599416061344185445978592732099509054856772522
1.8956266751871115044206155516606458814495283800619255532218618661893574
2.5249343703741771932070073342895943028775033786812687797747582929561131
3.0193679495061646710790943799587765918903439881321785714932393733614747
3.2352418719647465067492295468042798593484335164833200595674826976857179
2.9805040415357339356581554234941532313780672811441295977430645725909576
2.0050645040846676411233530338901864312717891048755894897847459673015273
-1.0140923928935299256881863906010942155031208826793029088593179248564663e-02
-3.4654597425466933487087896516498193072486189475778571581753361855569838
-8.856317689852003321928633535392517673530593814001153145049193130336732
-1.6788618216406766193116854237449829889268986979568159498509858676044741e+01
-2.7995870957816911666667754051937070113174067524015145357805685312570839e+01
-4.3358179504484820557678325049109532155549565774842009330474281467988651e+01
-6.3923224748226182334893733355761340188322424192865670524732076326505217e+01
-9.0929386192369193263673102115466743098740079161953196244498915057947064e+01
-1.2583114984435554529980545185665038736483202735682166762130379964211305e+02
-1.7032695766622129089159861869221896441687079897262030616904949585366191e+02
-2.2638966003610657562917692996145046438466344314052103397872392431209429e+02
-2.962997392689472842923215074312992547513075275511997712127542408401226e+02
-3.8268147895005831441911027494168672083904374249725482067155942501750685e+02
-4.8854226064100771656961216754173122907724026569571001350343456542663837e+02
-6.1731517640711516153674692885662482948062978483647239470802054813154644e+02
-7.7290515256636409700222188454594907261845710289841053894507159158954153e+02
-9.5973878703576113305954443215194352311752033961473456996489296832887686e+02
-1.1828181096032837304777896902556467931006752498241663904860233249169262e+03
-1.4477784813110074576886739630476438240450552631145275721487741167833411e+03
-1.7609508557998210597779669349149102415558136924849776234493551671345742e+03
-2.1294286318043398130180733012922244228249952122979022443554840106223601e+03
-2.5611393318177609891759705194317313395032312132100237770136133822172968e+03
-3.0649213470309641849514383350344007770685958108821723900944074518775097e+03
-3.6506059926747548986322806039866473720154808338445855775431801932892234e+03
-4.3291051204543666535660898926780460954230400030797579459951576450169027e+03
-5.1125045353463372226810813394358358223857275923685082685469176910894849e+03
-6.0141634619829603405976314438942961919446052560841675105716638102353096e+03
-7.0488203003770532462460180980008968019828283329893124380595775909636831e+03
-8.2327049008591271099993904087917919732590167500155746805714906388260119e+03
-9.5836575726263632168629773510230760730891224343376640118460597656674459e+03
-1.1121255017827966941860630763875291408378950542809255243085073426412915e+04
-1.2866943351977631515614895111120153049992867791153163839238209755348166e+04
-1.4844178329771374548579685041960169101594394300831198832886014293567876e+04
-1.7078572840906148110745732431325952859895749327608757243732803790761072e+04
-1.9598051670777149356708015736356684578343627174218833465889713009478895e+04
-2.2433013433254457420015538062593900830790438155458908623432993464855093e+04
-2.561649947414234933924092542310026225213060055429467207550059452447339e+04
-2.9184369411255901155716397958534023442967660045205729251646747993401389e+04
-3.3175482817030267803306008220457200247504908219588432847428090728957214e+04
-3.7631886358888570535712081168638918711584465451665240218483164008852951e+04
-4.2599005487985622180541528603264448971623797833670581694741374550897071e+04
-4.8125839505376519124096189602459716015848285442157923259616122859892287e+04
-5.4265158533464587005700508365787409543287070731022682214406157880718381e+04
-6.1073700577659790430167866305486661584198003879439150661037744077787604e+04
-6.8612366477203488805085958054156320590211923977580980005946341209540227e+04
-7.6946410114780642251702814791367629197030773763438642405442865699900017e+04
-8.6145620782805189895459571081386800703237559668507875253088885857234272e+04
-9.6284494092613707718165843100007464973833364925240124325541980311584552e+04
-1.0744238726550774659120035637631682189125623837410177348989464585428841e+05
-1.1970365406795160248446345411364427982257453713861446108869619726190063e+05
-1.3315775405582362038229770712183733947597743706693820824521698910351571e+05
-1.4789933018544580266195199744038089863748315815396151341995045601050122e+05
-1.6402824824577080398172250887860600985042567519631885255451308774058263e+05
-1.8164959098282998591727687613307068822727006064998599903622313684067743e+05
-2.0087359924321973810453469059809906446351365186189594462607124403861112e+05
-2.2181555197942895987472403387280204699050572400761449205822937176320248e+05
-2.4459557655989444638480993194997401873318702745554176557221220380607908e+05
-2.6933838053647893564046210190564299537689079792920355075431812717557737e+05
-2.9617289586875324954420152622623493682404449251629853209671355659157954e+05
-3.2523182661606849944790217118461782980712907161559571083536034630457983e+05
-3.5665109131311560833354675748170733626239444485151335383527947721911809e+05
-3.9056915166996634731688100326386435562177560287102258594269831800830623e+05
-4.2712621990926986602426703520560313782017447013357504959198959793235796e+05
-4.6646333799439162944133485759448818463122291519832255936043247975034506e+05
-5.0872132323199797470509841412709349707860221194987421191763479107364586e+05
-5.5403957626502933568846456387932609839499916839024519011681136946363768e+05
-6.0255474931506917815585219120949428222404146872785874629280729733815163e+05
-6.5439927468735806923282951032109333840644403862423530772130180143930576e+05
-7.0969975600929271193813972846613594764890536233768577879702477985758773e+05
-7.6857522741707231775855490305315684280244302354699502310571308518808609e+05
-8.3113528890809364176744817055072103237266570970046454399580537436452732e+05
-8.9747812930115649527933629680545797711157988735501319265530170793580703e+05
-9.6768845164425049594401732873598397350064075172032523723047909871412323e+05
-1.0418353194218210626447419692998027587367354034721887474420784637054232e+06
-1.1199699454710448995030845550297972168350267360847289910452547619502882e+06
-1.2021234490416356543415642354078982255746336857019365350939609974439082e+06
-1.2883046098399059009281868071026569823147233277747017897749242749887119e+06
-1.3784976510927155392724470261316630988382584205267490671106999759137674e+06
-1.4726600865536425295782467730244804446688592155000095452551337900422893e+06
-1.5707206688532757434292698194016217307162091729045232090887515879150638e+06
-1.6725774785695869843635501501701034275063649041397046287277629125679225e+06
-1.7780961947679635922765498084243048063810502365448704161614153162249344e+06
-1.887108588445203778190930976149270627880910013162220678888671843428413e+06
-1.9994112802286673084931729877484640522247065283763027538185751451777295e+06
-2.1147648027645149273615367359657795161960143543407699290395915770549747e+06
-2.2328930064267827059362901973580373153805940268316417544371532582810936e+06
-2.3534828442593828355451543470748271169619191639029035734857703784776998e+06
-2.4761845684140535381038719039138087736024890033423007495267331697396529e+06
-2.6006123657793513494047899922506189854872055530320591706949766957060233e+06
-2.726345455043409257384264900146413348049683540320386427067608973920532e+06
-2.8529296611554037686372558412018400597031505107191699415112327152702666e+06
-2.9798794761311756526390681883196694002946860061355373598740692195951751e+06
-3.106680607494906482067280147847176996041327787564279373429148363588042e+06
-3.2327930074913793606651617506788332243790318647783409619001341103857033e+06
-3.3576543676927010367820668776665251407225119490915614045396673844902889e+06
-3.4806840549273983486018047147277252355624259345461119676196044808570406e+06
-3.6012874557602937464250256066970278690662148349184632205094594606397739e+06
-3.7188606882398837715834933760231825861584728783218823980269403966976642e+06
-3.8327956315023696120172924180798498355167348201748968794614952993758139e+06
-3.9424852162741455833166368013305622651457395016233767055698060968144845e+06
-4.0473289125381285489325464827212302448190456228362710904526111771325147e+06
-4.1467383448037138365132381011245952611912979671325127581169564043762284e+06
-4.2401429607092460846456957550807328282971980053485802478967471990960801e+06
-4.3269956752325661801295676060517602817844538957922895270235118878881813e+06
-4.4067784107067629558992250807245577132980844288976379695812923705974403e+06
-4.4790074522225547547843119706303656849990568811351581514884419308278655e+06
-4.5432385389008829133557994535359202020972058330616036101565736407907658e+06
-4.599071613959389408249645275571316060638743387661994162062602286368417e+06
-4.646155160458082914238380612203899379996274869428083489375339050728379e+06
-4.6841900550394276968501123121907150758655006982569054085434365998520221e+06
-4.7129328787868850729319387906330381817195278212590597389416668654498919e+06
-4.7321986323896884866745372136351708675433531377291366590083030822780203e+06
-4.7418628119646836379337407690027468318524915984055376648948378125253008e+06
-4.7418628119646836379337407690027468318524915984055376648948378125252959e+06
-4.7321986323896884866745372136351708675433531377291366590083030822780155e+06
-4.7129328787868850729319387906330381817195278212590597389416668654498871e+06
-4.6841900550394276968501123121907150758655006982569054085434365998520124e+06
-4.6461551604580829142383806122038993799962748694280834893753390507283547e+06
-4.5990716139593894082496452755713160606387433876619941620626022863683927e+06
-4.5432385389008829133557994535359202020972058330616036101565736407907415e+06
-4.4790074522225547547843119706303656849990568811351581514884419308278509e+06
-4.406778410706762955899225080724557713298084428897637969581292370597416e+06
-4.3269956752325661801295676060517602817844538957922895270235118878881619e+06
-4.2401429607092460846456957550807328282971980053485802478967471990960558e+06
-4.1467383448037138365132381011245952611912979671325127581169564043761992e+06
-4.0473289125381285489325464827212302448190456228362710904526111771324807e+06
-3.942485216274145583316636801330562265145739501623376705569806096814448e+06
-3.8327956315023696120172924180798498355167348201748968794614952993757823e+06
-3.7188606882398837715834933760231825861584728783218823980269403966976228e+06
-3.6012874557602937464250256066970278690662148349184632205094594606397593e+06
-3.4806840549273983486018047147277252355624259345461119676196044808570018e+06
-3.3576543676927010367820668776665251407225119490915614045396673844902694e+06
-3.2327930074913793606651617506788332243790318647783409619001341103856644e+06
-3.1066806074949064820672801478471769960413277875642793734291483635880298e+06
-2.9798794761311756526390681883196694002946860061355373598740692195951362e+06
-2.852929661155403768637255841201840059703150510719169941511232715270252e+06
-2.7263454550434092573842649001464133480496835403203864270676089739204907e+06
-2.6006123657793513494047899922506189854872055530320591706949766957060087e+06
-2.4761845684140535381038719039138087736024890033423007495267331697396115e+06
-2.3534828442593828355451543470748271169619191639029035734857703784776876e+06
-2.2328930064267827059362901973580373153805940268316417544371532582810547e+06
-2.1147648027645149273615367359657795161960143543407699290395915770549431e+06
-1.9994112802286673084931729877484640522247065283763027538185751451776942e+06
-1.8871085884452037781909309761492706278809100131622206788886718434283802e+06
-1.7780961947679635922765498084243048063810502365448704161614153162249041e+06
-1.6725774785695869843635501501701034275063649041397046287277629125678885e+06
-1.5707206688532757434292698194016217307162091729045232090887515879150346e+06
-1.4726600865536425295782467730244804446688592155000095452551337900422589e+06
-1.3784976510927155392724470261316630988382584205267490671106999759137394e+06
-1.288304609839905900928186807102656982314723327774701789774924274988684e+06
-1.202123449041635654341564235407898225574633685701936535093960997443879e+06
-1.1199699454710448995030845550297972168350267360847289910452547619502639e+06
-1.0418353194218210626447419692998027587367354034721887474420784637053959e+06
-9.6768845164425049594401732873598397350064075172032523723047909871410257e+05
-8.9747812930115649527933629680545797711157988735501319265530170793578272e+05
-8.3113528890809364176744817055072103237266570970046454399580537436450484e+05
-7.6857522741707231775855490305315684280244302354699502310571308518806604e+05
-7.0969975600929271193813972846613594764890536233768577879702477985757132e+05
-6.5439927468735806923282951032109333840644403862423530772130180143929239e+05
-6.0255474931506917815585219120949428222404146872785874629280729733813461e+05
-5.5403957626502933568846456387932609839499916839024519011681136946361398e+05
-5.0872132323199797470509841412709349707860221194987421191763479107363887e+05
-4.6646333799439162944133485759448818463122291519832255936043247975033382e+05
-4.2712621990926986602426703520560313782017447013357504959198959793234489e+05
-3.9056915166996634731688100326386435562177560287102258594269831800828739e+05
-3.5665109131311560833354675748170733626239444485151335383527947721911383e+05
-3.2523182661606849944790217118461782980712907161559571083536034630456859e+05
-2.9617289586875324954420152622623493682404449251629853209671355659157194e+05
-2.6933838053647893564046210190564299537689079792920355075431812717556339e+05
-2.4459557655989444638480993194997401873318702745554176557221220380607695e+05
-2.2181555197942895987472403387280204699050572400761449205822937176319185e+05
-2.008735992432197381045346905980990644635136518618959446260712440386058e+05
-1.8164959098282998591727687613307068822727006064998599903622313684066786e+05
-1.6402824824577080398172250887860600985042567519631885255451308774057868e+05
-1.4789933018544580266195199744038089863748315815396151341995045601049742e+05
-1.3315775405582362038229770712183733947597743706693820824521698910351145e+05
-1.1970365406795160248446345411364427982257453713861446108869619726189379e+05
-1.0744238726550774659120035637631682189125623837410177348989464585428362e+05
-9.6284494092613707718165843100007464973833364925240124325541980311580753e+04
-8.614562078280518989545957108138680070323755966850787525308888585723222e+04
-7.6946410114780642251702814791367629197030773763438642405442865699895915e+04
-6.8612366477203488805085958054156320590211923977580980005946341209536429e+04
-6.1073700577659790430167866305486661584198003879439150661037744077785135e+04
-5.4265158533464587005700508365787409543287070731022682214406157880719597e+04
-4.8125839505376519124096189602459716015848285442157923259616122859886894e+04
-4.2599005487985622180541528603264448971623797833670581694741374550893805e+04
-3.7631886358888570535712081168638918711584465451665240218483164008850634e+04
-3.3175482817030267803306008220457200247504908219588432847428090728958012e+04
-2.9184369411255901155716397958534023442967660045205729251646747993404788e+04
-2.5616499474142349339240925423100262252130600554294672075500594524468053e+04
-2.2433013433254457420015538062593900830790438155458908623432993464851086e+04
-1.9598051670777149356708015736356684578343627174218833465889713009477224e+04
-1.7078572840906148110745732431325952859895749327608757243732803790757863e+04
-1.4844178329771374548579685041960169101594394300831198832886014293566005e+04
-1.2866943351977631515614895111120153049992867791153163839238209755345003e+04
-1.1121255017827966941860630763875291408378950542809255243085073426417616e+04
-9.5836575726263632168629773510230760730891224343376640118460597656670945e+03
-8.2327049008591271099993904087917919732590167500155746805714906388240273e+03
-7.0488203003770532462460180980008968019828283329893124380595775909597139e+03
-6.0141634619829603405976314438942961919446052560841675105716638102332871e+03
-5.1125045353463372226810813394358358223857275923685082685469176910899549e+03
-4.3291051204543666535660898926780460954230400030797579459951576450122688e+03
-3.6506059926747548986322806039866473720154808338445855775431801932900852e+03
-3.0649213470309641849514383350344007770685958108821723900944074518769494e+03
-2.5611393318177609891759705194317313395032312132100237770136133822119247e+03
-2.1294286318043398130180733012922244228249952122979022443554840106220087e+03
-1.7609508557998210597779669349149102415558136924849776234493551671345742e+03
-1.4477784813110074576886739630476438240450552631145275721487741167798978e+03
-1.1828181096032837304777896902556467931006752498241663904860233249184704e+03
-9.5973878703576113305954443215194352311752033961473456996489296832701038e+02
-7.7290515256636409700222188454594907261845710289841053894507159158954153e+02
-6.173151764071151615367469288566248294806297848364723947080205481298859e+02
-4.8854226064100771656961216754173122907724026569571001350343456542435498e+02
-3.8268147895005831441911027494168672083904374249725482067155942502290182e+02
-2.962997392689472842923215074312992547513075275511997712127542408401226e+02
-2.2638966003610657562917692996145046438466344314052103397872392431209429e+02
-1.7032695766622129089159861869221896441687079897262030616904949585248861e+02
-1.2583114984435554529980545185665038736483202735682166762130379964150779e+02
-9.0929386192369193263673102115466743098740079161953196244498915057947064e+01
-6.3923224748226182334893733355761340188322424192865670524732076326505217e+01
-4.3358179504484820557678325049109532155549565774842009330474281465693172e+01
-2.7995870957816911666667754051937070113174067524015145357805685313260844e+01
-1.6788618216406766193116854237449829889268986979568159498509858676044741e+01
-8.856317689852003321928633535392517673530593814001153145049193130336732
-3.4654597425466933487087896516498193072486189475778571581753361935207722
-1.0140923928935299256881863906010942155031208826793029088593178373641699e-02
2.0050645040846676411233530338901864312717891048755894897847459663529465
2.9805040415357339356581554234941532313780672811441295977430645725909576
3.2352418719647465067492295468042798593484335164833200595674826952700673
3.0193679495061646710790943799587765918903439881321785714932393714541592
2.5249343703741771932070073342895943028775033786812687797747582998594442
1.8956266751871115044206155516606458814495283800619255532218618661893574
1.2352723834418663877189986599416061344185445978592732099509054920292144
6.152838435743989955466277767240312773695367000448731910689658695092287e-01
8.1127391431489520894713975137600630235538546935526133558041987057273487e-02
-3.4209415336649997044830063841770459600038179016184026777389018674880873e-01
-6.4486345977231165112760743442490064826593395811448562839546989497155412e-01
-8.2919764178323250257513224273164064409708038397228387392613675355699371e-01
-9.0525129600221718791916563018586275578120546804237187292134393187418027e-01
-8.8850517153798606932663562472239043439955483372413470209656566092882412e-01
-7.9747635051249154361703309210072792076593556415818090113456207112159568e-01
-6.518900171979744852963026601088077298891790858798126401704504493555474e-01
-4.7125696629438907939516506486488830083482880503724583809499541107974298e-01
-2.7380494608126166785143621674740443961292835138712160179225404850767144e-01
-7.5715750136070209618534216500208019603524531397560813490404873742539456e-02
1.0937633799601346765275029278215803366484402075710382382285416427877687e-01
2.7066557936868692522268975870310222301938069544311192161505681840893771e-01
4.0027268946283196743427160223308115909412587820895690396641773260669815e-01
4.9319371040507318522240165792229609166030039847753602926892944938394866e-01
5.4713075107338668790403843436411962354865784940571193280496051811954621e-01
5.622324462201479183481937571549920436878914806825945543347244997143687e-01
5.4076905864185722910436472292855506596880818688355654776707585644506993e-01
4.8676434858889864110641643079897499345722136139490811337076854352012666e-01
4.0560366203807083826843419406223371579636208078717968918451793081420078e-01
3.0363514414528019810130627926771174379490342155534685478996937854764051e-01
1.8777856615570386515664024304519360309006200284935600775731519628287928e-01
6.5153963273916806555042594048128067548213065544564249926143163095208214e-02
-5.7259882513069480018208339305155641066126940114021702733204858180827882e-02
-1.7292911691118752465515769080258865441640466771694220100818326425259216e-01
-2.7602455632345575838813428845893901275726556216973356409736691505390733e-01
-3.6163319232696762009379278482936218573393892876088079691089826299620775e-01
-4.2591880501529051620963367084373670889634888591225038724265111415812764e-01
-4.6623055978204673369122738389288682209915278546421640482342777707428765e-01
-4.8115986203939052338116171793222790440491225275021849239746076452601831e-01
-4.7054701701777015883838579835004511679867386471246105325926875690334567e-01
-4.3544038718077072965633918755915575341276393482038326657755318357662234e-01
-3.7801175791097274510018743131454446746347983214700923311633205791479656e-01
-3.014325129796333947392104415228856258032184038318955783422845098087751e-01
-2.0971598490460167448263027492275875741665755087638643417231400416728774e-01
-1.0753198162721565602135293869823274671297950812658246675057161118730594e-01
-5.3916859548870760408215192471488450817755070169139164665788745462449377e-65
1.0753198162721565602135293869823274671297950812658246675057163371388967e-01
2.0971598490460167448263027492275875741665755087638643417231402485637538e-01
3.0143251297963339473921044152288562580321840383189557834228452686060374e-01
3.7801175791097274510018743131454446746347983214700923311633208404626546e-01
4.3544038718077072965633918755915575341276393482038326657755319152556471e-01
4.7054701701777015883838579835004511679867386471246105325926876946919606e-01
4.8115986203939052338116171793222790440491225275021849239746077192995515e-01
4.6623055978204673369122738389288682209915278546421640482342778405890511e-01
4.2591880501529051620963367084373670889634888591225038724265112982617086e-01
3.6163319232696762009379278482936218573393892876088079691089827528859285e-01
2.7602455632345575838813428845893901275726556216973356409736692699723498e-01
1.7292911691118752465515769080258865441640466771694220100818328568094023e-01
5.7259882513069480018208339305155641066126940114021702733204857594914398e-02
-6.5153963273916806555042594048128067548213065544564249926143160205926719e-02
-1.8777856615570386515664024304519360309006200284935600775731518940246849e-01
-3.036351441452801981013062792677117437949034215553468547899693864485904e-01
-4.0560366203807083826843419406223371579636208078717968918451792104961735e-01
-4.8676434858889864110641643079897499345722136139490811337076853850535065e-01
-5.4076905864185722910436472292855506596880818688355654776707585058733741e-01
-5.6223244622014791834819375715499204368789148068259455433472448952397333e-01
-5.4713075107338668790403843436411962354865784940571193280496051436195694e-01
-4.9319371040507318522240165792229609166030039847753602926892944238103207e-01
-4.0027268946283196743427160223308115909412587820895690396641772933430695e-01
-2.7066557936868692522268975870310222301938069544311192161505681607310078e-01
-1.0937633799601346765275029278215803366484402075710382382285414943651944e-01
7.5715750136070209618534216500208019603524531397560813490404875466070198e-02
2.7380494608126166785143621674740443961292835138712160179225405080219071e-01
4.7125696629438907939516506486488830083482880503724583809499541234334404e-01
6.5189001719797448529630266010880772988917908587981264017045044329366887e-01
7.9747635051249154361703309210072792076593556415818090113456206856464283e-01
8.8850517153798606932663562472239043439955483372413470209656567326760734e-01
9.0525129600221718791916563018586275578120546804237187292134393558787225e-01
8.2919764178323250257513224273164064409708038397228387392613676130962577e-01
6.448634597723116511276074344249006482659339581144856283954698919618063e-01
3.4209415336649997044830063841770459600038179016184026777389018444884272e-01
-8.1127391431489520894713975137600630235538546935526133558041998138676825e-02
-6.1528384357439899554662777672403127736953670004487319106896587869446166e-01
-1.2352723834418663877189986599416061344185445978592732099509055011999716
-1.895626675187111504420615551660645881449528380061925553221861865078602
-2.5249343703741771932070073342895943028775033786812687797747583020191527
-3.0193679495061646710790943799587765918903439881321785714932393724986879
-3.2352418719647465067492295468042798593484335164833200595674826893358729
-2.9805040415357339356581554234941532313780672811441295977430645798072367
-2.0050645040846676411233530338901864312717891048755894897847459810362957
1.0140923928935299256881863906010942155031208826793029088593181291017161e-02
3.4654597425466933487087896516498193072486189475778571581753346342327516
8.8563176898520033219286335353925176735305938140011531450491766685593321
1.6788618216406766193116854237449829889268986979568159498509759365236468e+01
2.7995870957816911666667754051937070113174067524015145357805235533400568e+01
4.3358179504484820557678325049109532155549565774842009330472587765536983e+01
6.3923224748226182334893733355761340188322424192865670524726490548061764e+01
9.0929386192369193263673102115466743098740079161953196244482275500481374e+01
1.2583114984435554529980545185665038736483202735682166762125811492589799e+02
1.7032695766622129089159861869221896441687079897262030616893225204640589e+02
2.2638966003610657562917692996145046438466344314052103397843975276484005e+02
2.9629973926894728429232150743129925475130752755119977121209862664284674e+02
3.8268147895005831441911027494168672083904374249725482067011080000876785e+02
4.885422606410077165696121675417312290772402656957100135003539709254359e+02
6.173151764071151615367469288566248294806297848364723947016902734965702e+02
7.7290515256636409700222188454594907261845710289841053893246024791531495e+02
9.5973878703576113305954443215194352311752033961473456994046640299420173e+02
1.1828181096032837304777896902556467931006752498241663904399174762165714e+03
1.4477784813110074576886739630476438240450552631145275720637919907279269e+03
1.7609508557998210597779669349149102415558136924849776232961247941152406e+03
2.1294286318043398130180733012922244228249952122979022440847898330463617e+03
2.5611393318177609891759705194317313395032312132100237765444538090947541e+03
3.0649213470309641849514383350344007770685958108821723892956896444239194e+03
3.6506059926747548986322806039866473720154808338445855762060804091568629e+03
4.3291051204543666535660898926780460954230400030797579437919779659641234e+03
5.1125045353463372226810813394358358223857275923685082649706672579664834e+03
6.0141634619829603405976314438942961919446052560841675048484756389005609e+03
7.0488203003770532462460180980008968019828283329893124290233110813376643e+03
8.2327049008591271099993904087917919732590167500155746664863139011249693e+03
9.5836575726263632168629773510230760730891224343376639901582818291546964e+03
1.1121255017827966941860630763875291408378950542809255210079810017721351e+04
1.2866943351977631515614895111120153049992867791153163789569404292997506e+04
1.4844178329771374548579685041960169101594394300831198758939669469288013e+04
1.7078572840906148110745732431325952859895749327608757134772770729108783e+04
1.9598051670777149356708015736356684578343627174218833306922795696668456e+04
2.2433013433254457420015538062593900830790438155458908393715227151976737e+04
2.5616499474142349339240925423100262252130600554294671746589143323307635e+04
2.9184369411255901155716397958534023442967660045205728784881774868087947e+04
3.31754828170302678033060082204572002475049082195884321907060790811819e+04
3.7631886358888570535712081168638918711584465451665239302157493625618578e+04
4.2599005487985622180541528603264448971623797833670580426457563176849923e+04
4.8125839505376519124096189602459716015848285442157921517858259569611583e+04
5.426515853346458700570050836578740954328707073102267984049805851579005e+04
6.1073700577659790430167866305486661584198003879439147449307822972593496e+04
6.8612366477203488805085958054156320590211923977580975691729900747368364e+04
7.694641011478064225170281479136762919703077376343863665056047358915281e+04
8.614562078280518989545957108138680070323755966850786762840600736418915e+04
9.6284494092613707718165843100007464973833364925240114290184586140862228e+04
1.0744238726550774659120035637631682189125623837410176036666991176159019e+05
1.1970365406795160248446345411364427982257453713861444403524868166147362e+05
1.3315775405582362038229770712183733947597743706693818622044107491929984e+05
1.4789933018544580266195199744038089863748315815396148514518181044751177e+05
1.6402824824577080398172250887860600985042567519631881646903799325981473e+05
1.8164959098282998591727687613307068822727006064998595324667739812327442e+05
2.008735992432197381045346905980990644635136518618958868493525650641348e+05
2.2181555197942895987472403387280204699050572400761441955762107181209815e+05
2.4459557655989444638480993194997401873318702745554167508651409138660825e+05
2.693383805364789356404621019056429953768907979292034384199040787518379e+05
2.9617289586875324954420152622623493682404449251629839336258612795430928e+05
3.2523182661606849944790217118461782980712907161559554037145118462677391e+05
3.5665109131311560833354675748170733626239444485151314543445019741652897e+05
3.9056915166996634731688100326386435562177560287102233241712871127097089e+05
4.2712621990926986602426703520560313782017447013357474266489634551417298e+05
4.6646333799439162944133485759448818463122291519832218955433858637352488e+05
5.0872132323199797470509841412709349707860221194987376844070314042107402e+05
5.5403957626502933568846456387932609839499916839024466074905929493567117e+05
6.0255474931506917815585219120949428222404146872785811727432576726537705e+05
6.5439927468735806923282951032109333840644403862423456364490446939233754e+05
7.0969975600929271193813972846613594764890536233768490250803940820286115e+05
7.6857522741707231775855490305315684280244302354699399561189047308148656e+05
8.3113528890809364176744817055072103237266570970046334439054799252956706e+05
8.974781293011564952793362968054579771115798873550117980575944459563344e+05
9.6768845164425049594401732873598397350064075172032362274502648036499481e+05
1.0418353194218210626447419692998027587367354034721868861432052981931282e+06
1.119969945471044899503084555029797216835026736084726853988100097954811e+06
1.2021234490416356543415642354078982255746336857019340913563791930223278e+06
1.288304609839905900928186807102656982314723327774699006533294323461594e+06
1.3784976510927155392724470261316630988382584205267459097525292724234468e+06
1.4726600865536425295782467730244804446688592155000059775309220303633081e+06
1.5707206688532757434292698194016217307162091729045191933050539764750036e+06
1.6725774785695869843635501501701034275063649041397001259827619112049227e+06
1.7780961947679635922765498084243048063810502365448653866235826802100012e+06
1.8871085884452037781909309761492706278809100131622150821182869917242959e+06
1.9994112802286673084931729877484640522247065283762965491309747835393125e+06
2.1147648027645149273615367359657795161960143543407630759080750923515335e+06
2.2328930064267827059362901973580373153805940268316342129324780457203231e+06
2.3534828442593828355451543470748271169619191639028953047481630857553937e+06
2.4761845684140535381038719039138087736024890033422917162653413376733181e+06
2.600612365779351349404789992250618985487205553032049337708716719037269e+06
2.7263454550434092573842649001464133480496835403203757617804580744339098e+06
2.8529296611554037686372558412018400597031505107191584145141924210167085e+06
2.9798794761311756526390681883196694002946860061355249454653228888820206e+06
3.1066806074949064820672801478471769960413277875642660501433714208006954e+06
3.2327930074913793606651617506788332243790318647783267130175164618233643e+06
3.3576543676927010367820668776665251407225119490915462185649934333120408e+06
3.4806840549273983486018047147277252355624259345460958387217238171153045e+06
3.601287455760293746425025606697027869066214834918446148911682575389001e+06
3.7188606882398837715834933760231825861584728783218643903393153111636485e+06
3.8327956315023696120172924180798498355167348201748779489465637364566947e+06
3.9424852162741455833166368013305622651457395016233568723342966446213242e+06
4.0473289125381285489325464827212302448190456228362503815585905379459638e+06
4.1467383448037138365132381011245952611912979671324912076072109369442022e+06
4.2401429607092460846456957550807328282971980053485578967305823832909722e+06
4.3269956752325661801295676060517602817844538957922664229207085597737998e+06
4.4067784107067629558992250807245577132980844288976141667736123987514158e+06
4.4790074522225547547843119706303656849990568811351337103797953828039394e+06
4.5432385389008829133557994535359202020972058330615785968947044992403923e+06
4.5990716139593894082496452755713160606387433876619686480268787205649649e+06
4.6461551604580829142383806122038993799962748694280575505869048441405715e+06
4.6841900550394276968501123121907150758655006982568791250055509317584333e+06
4.7129328787868850729319387906330381817195278212590331939194904742334975e+06
4.7321986323896884866745372136351708675433531377291099382586432040938347e+06
4.741862811964683637933740769002746831852491598405510855857409689180229e+06
