5.2223296786709348850698164119844367443193863874004497304426994e-01
4.8350068941695068696906558776682661025894478142413428849405987e-01
4.4563879924658637612917373097936659909746700904473695953996003e-01
4.0864729735600055598730607083606364094750532160185298618198005e-01
3.7252618374519342464010986499896189272399409791393529565801999e-01
3.3727545841416458106266505527416273830314546173712815009886015e-01
3.0289512136291422818324444219352063689381291049683436013580991e-01
2.693851725914423660018480257570355884959964441930539257688699e-01
2.3674561209974899451847580596470759310969606282578684699805006e-01
2.0497643988783428767164732612955611708987085757862049122717007e-01
1.7407765595569789275269795675573192543268352747743024025517006e-01
1.4404926030333998853177278402606478678701228231275334487927996e-01
1.1489125293076057500887180794055470115285712208458980509950997e-01
8.6603633837959652183995028499201668530218046792939620915848017e-02
5.9186403024937220057142445702005688919095056437802792328303019e-02
3.2639560491693278628314059548966762319488151019179319336871005e-02
6.963106238227827897509870040084888731397330537069201941552798e-03
-1.7842959735459132135270122824639931845177405008527559857650995e-02
-4.1778637429367471016136261560454132790928726496688692064627986e-02
-6.4843926843497454484493404006675149638390410776208626065011987e-02
-8.7038827977848947254826349808739113474336010119215204469281993e-02
-1.0836334083242183336812207009129654365159524582575194632859003e-01
-1.2881746540721634957403216547485670375842779390268169693403998e-01
-1.4840120170223237508191806421425981085374425704309809194338001e-01
-1.6711454971746990989177976630950586493754463524700113135660002e-01
-1.8495750945292895400361727176059486600982892851439081517370996e-01
-2.0193008090860950741743058056752681407059713684526714339470003e-01
-2.1803226408451157013321969273030170911984926023963011601958004e-01
-2.3326405898063514215098460824891955115758529869747973304834998e-01
-2.4762546559698014616471664120648645697836761697457472354647006e-01
-2.6111648393354674161805870630660049528699060416634751277640991e-01
-2.7373711399033484637337657476255748058409750642160694641024015e-01
-2.8548735576734446043067024657435741286968832374035302444795986e-01
-2.9636720926457558378993972174200029214376305612258574688956997e-01
-3.0637667448202821645118500026548611840632170356830511373504994e-01
-3.1551575141970235841440608214481489165736426607751112498442995e-01
-3.2378444007759796619497308155173802383926663325472783632406009e-01
-3.3118274045571513159377131301256299336119614449785701977461997e-01
-3.3771065255405380629454534782923090987160957080447284762905998e-01
-3.4336817637261399029729518600174177337050691217457531988738012e-01
-3.481553119113956836020208275300955838578881686081644365496e-01
-3.5207205917039888620872227241429234133375334010524019761570001e-01
-3.5511841814962358362252289204491845059437272251214210199955012e-01
-3.5729438884906980966480148651061140434112484274314103526682999e-01
-3.5859997126873754500905588433214730507636087803762661293798999e-01
-3.5903516540862678965528608550952615280008082839559883501304008e-01
-3.5859997126873754360349209004274794751228469381705770149197994e-01
-3.5729438884906980685367389793181268921297247430200321237479994e-01
-3.5511841814962359390070813778614177555230887193859030980287002e-01
-3.5207205917039888058646709525670271352388360115745899288686988e-01
-3.4815531191139567657420185608310659848394224543981432037476014e-01
-3.4336817637261398186391242026535343043248480478565629226653986e-01
-3.3771065255405379645559878780344320936951127919498490856220003e-01
-3.3118274045571512034926095869737593529502166866780016926174002e-01
-3.2378444007759795354489893294715160820901597320410207436517009e-01
-3.1551575141970229604251271055277022811149419280389062387248994e-01
-3.0637667448202814784210229151423179500245632746716581778369988e-01
-2.9636720926457550894366767583153630888190237719392765609878995e-01
-2.854873557673445049694729781196521481996832020998321195697801e-01
-2.7373711399033489433824105488826316064393531916746701347945999e-01
-2.6111648393354679300898493501271712007667135129858855179302001e-01
-2.4762546559698020098170461849301402649789129849319673451046996e-01
-2.3326405898063511825640010532915387990759516075129156163181e-01
-2.1803226408451154483307139552113668030578293807287303315703001e-01
-2.0193008090860948071171848906896242769245463045794114908613996e-01
-1.8495750945292892589234138597263112206761023790649590941914e-01
-1.6711454971746988037494008623214276343124976041853731415602001e-01
-1.4840120170223234415951458984749735178337319799406536329677999e-01
-1.2881746540721631724606489681869488712398055063308005684143007e-01
-1.0836334083242179963459100714573536945307181833558139478997e-01
-8.7038827977848791325092920828618798770647001101569377142395034e-02
-6.4843926843497543562098867097274129529972821227861524347515027e-02
-4.1778637429367563519803473231464057412354071334722562294528016e-02
-1.7842959735459092779483882721496932283219236505070244645425998e-02
6.9631062382278686588599044326272458574316832610954285997898021e-03
3.2639560491693320795227888230908477009598687963774457441119987e-02
5.9186403024937263629620068673346761173281777602966841878563992e-02
8.6603633837959697162036445759942098348480952178672581912121994e-02
1.1489125293076062139247701949069448853519621169089167754179002e-01
1.4404926030334003632094178986560393173342755613962412876757995e-01
1.7407765595569794194743075688467042794317498552486993558947993e-01
2.0497643988783433827194392054789397716443849984662909800749995e-01
2.3674561209974922529448128085527457939721809910490161602163003e-01
2.6938517259144260301504283780681223464151378329968748963186987e-01
3.0289512136291409456683624755761741244064296795300765869262003e-01
3.3727545841416444402019511205784856912013258480692047670827005e-01
3.7252618374519328417157817320223677881113828659734665032003994e-01
4.0864729735600061502098543099078204151366007332428617952792005e-01
4.4563879924658643656841688542348435722769794498773906433192004e-01
4.8350068941695074881387253650034372595325190158770530473202993e-01
5.2223296786709355175735238422136014769032194312418490072825969e-01
