5.9703220121540970974552210165826754248951781327535080421734798e-21
2.0924080309152742888593625687168368814463978373056116594590291e-19
8.7331297733373171521106422934549626644932595488043233805620159e-19
1.5476710553789643444355905774184842115421412756431031064186438e-18
9.5632891523630528495771064166078527846935205816382801372337627e-18
1.306153989852422892075394129451958979439403860922521949607178e-17
3.5302755613538487344076621008430767352584333347982848771794619e-16
5.6417979430777014754513794609828430801926185423499517118900297e-16
2.128688402412762975876655888820683184154589489044763646704501e-14
4.493688731240014669811491394621441271826886826752840329227169e-14
