6.2617265527722401016673012341044379065695882451005455077516508e-21
2.174494211826243118936430734376503331203963935262532383160873e-19
9.0161132109866608944025270088546808142665166896644016509972827e-19
1.587619040561005969469087436209815118602156273441089197181264e-18
9.8803005960812890748453903254076800077006087363148658899595323e-18
1.3729308673055040617906736257203053706254280086527880263989859e-17
3.8670844861097848597690236081035134384633257200950876087099271e-16
6.6205670958882044259496918161602064688287419736153911540173401e-16
2.8352587701115395788870342190556494178689723486733810210826636e-14
2.6142102437143134933761135031663382084937725272652450803519766e-14
