-1.0140923928935458665523674614626563174136724903122966828467822041165001e-02
2.005064504084669124083258289470387416509963992738506914555771044717799
2.9805040415357284793324525165734862850497439491823627101038240864329989
3.2352418719647557560560366426360266811024053965134603665411157713220997
3.0193679495061600058956074789213467947255984645872280490130459263854007
2.5249343703741715699175951770497684604829508693232387592471284570505001
1.8956266751871155665802094821271612223768108094549506181226351240242001
1.2352723834418722244087418799728880163067312780212194174002794297026996
6.1528384357439795721837768207715523607724054037165076298235178136740986e-01
8.1127391431483669324189396917012505393093799224983734627742576323383036e-02
-3.4209415336650319696151289136551052921551492063235552546353530487738009e-01
-6.4486345977230889912380697617038164100138388009162351035538890695553028e-01
-8.2919764178322704973061414565462809292242943938555529016684325291224988e-01
-9.0525129600221449076737372157915342588437304925467751344736285412443985e-01
-8.8850517153798842267887263553665931944803690602899525639949219695164988e-01
-7.9747635051249662261572644906068370619284302858585359604108906902465994e-01
-6.5189001719797794996258144749140771188602404341189698629235356910667012e-01
-4.7125696629438826554469359347450594847533374898334983392963526206309006e-01
-2.7380494608125738396913921459491720570169157238432010436863119508930013e-01
-7.5715750136065736356524320897995669817207329507484335324068382892314023e-02
1.0937633799601495674131559807393355550658874467465290045870410197333004e-01
2.7066557936868451516249556060104664048574091741671926399260613196644001e-01
4.0027268946282739260036030920742817273140698415225793767456051657171994e-01
4.9319371040506947785841844917981515461278322685556821072454644007172996e-01
5.4713075107338616654081051780359385388941355055829051801071472539222973e-01
5.6223244622015081958450037593549904087567120502569784936572259109373012e-01
5.4076905864186171405967676390701811533862540313875209296801021839003002e-01
4.8676434858890201594513638150207503235856279534990240776645545793730013e-01
4.0560366203807116412569143687716077849912515068334313626770638204943988e-01
3.0363514414527734965890326179168842784134972913401107028250412696057008e-01
1.8777856615569950441868931039098152173285770798398606844047057177219004e-01
6.5153963273913378543583646033954666490028645500165095432146865790667964e-02
-5.7259882513070113302349124717785170232774670296892290977470355918984015e-02
-1.7292911691118506100773958983299916112700653259619913809803803776526998e-01
-2.7602455632345155648287807077491295703134548050723738860200446442697008e-01
-3.6163319232696392621083603545549500417016241746560205903425021471775007e-01
-4.2591880501528926395199433381431565331374244593116460679564852569466005e-01
-4.662305597820485517930730131566191064205581003463894050867536408077499e-01
-4.8115986203939444559161521151045404330786283641147797959546870945733007e-01
-4.7054701701777415346674830101290313179321106754123451007403843584304008e-01
-4.3544038718077275332692905971062654955621472889594306437605594245458003e-01
-3.7801175791097177750527618916009013468691629562512211201336821796822007e-01
-3.0143251297962993939300296683798483451459438492877505884581006067534996e-01
-2.0971598490459748852138522662246073884862053122568685413359260687993998e-01
-1.0753198162721285684263519748089616421115444012242614586291934896061997e-01
-2.675726542982504787385269118543431761330233121336904057853938678783699e-68
1.0753198162721285684263519748089616421115444012242614586291934896056998e-01
2.0971598490459748852138522662246073884862053122568685413359260687988999e-01
3.0143251297962993939300296683798483451459438492877505884581006067530012e-01
3.7801175791097177750527618916009013468691629562512211201336821796816993e-01
4.354403871807727533269290597106265495562147288959430643760559424545299e-01
4.7054701701777415346674830101290313179321106754123451007403843584298995e-01
4.8115986203939444559161521151045404330786283641147797959546870945727994e-01
4.6623055978204855179307301315661910642055810034638940508675364080770005e-01
4.2591880501528926395199433381431565331374244593116460679564852569460992e-01
3.6163319232696392621083603545549500417016241746560205903425021471769994e-01
2.7602455632345155648287807077491295703134548050723738860200446442691994e-01
1.7292911691118506100773958983299916112700653259619913809803803776522999e-01
5.7259882513070113302349124717785170232774670296892290977470355918951016e-02
-6.5153963273913378543583646033954666490028645500165095432146865790698029e-02
-1.8777856615569950441868931039098152173285770798398606844047057177222003e-01
-3.0363514414527734965890326179168842784134972913401107028250412696057993e-01
-4.0560366203807116412569143687716077849912515068334313626770638204943003e-01
-4.8676434858890201594513638150207503235856279534990240776645545793728999e-01
-5.4076905864186171405967676390701811533862540313875209296801021838999988e-01
-5.6223244622015081958450037593549904087567120502569784936572259109369998e-01
-5.4713075107338616654081051780359385388941355055829051801071472539216018e-01
-4.9319371040506947785841844917981515461278322685556821072454644007162999e-01
-4.0027268946282739260036030920742817273140698415225793767456051657161996e-01
-2.7066557936868451516249556060104664048574091741671926399260613196628991e-01
-1.0937633799601495674131559807393355550658874467465290045870410197316001e-01
7.5715750136065736356524320897995669817207329507484335324068382892499991e-02
2.7380494608125738396913921459491720570169157238432010436863119508956006e-01
4.7125696629438826554469359347450594847533374898334983392963526206331001e-01
6.5189001719797794996258144749140771188602404341189698629235356910688977e-01
7.9747635051249662261572644906068370619284302858585359604108906902496015e-01
8.8850517153798842267887263553665931944803690602899525639949219695192981e-01
9.0525129600221449076737372157915342588437304925467751344736285412483975e-01
8.2919764178322704973061414565462809292242943938555529016684325291258023e-01
6.4486345977230889912380697617038164100138388009162351035538890695590004e-01
3.4209415336650319696151289136551052921551492063235552546353530487775014e-01
-8.1127391431483669324189396917012505393093799224983734627742576322752978e-02
-6.1528384357439795721837768207715523607724054037165076298235178136688999e-01
-1.2352723834418722244087418799728880163067312780212194174002794297024006
-1.8956266751871155665802094821271612223768108094549506181226351240238002
-2.5249343703741715699175951770497684604829508693232387592471284570502011
-3.0193679495061600058956074789213467947255984645872280490130459263854007
-3.2352418719647557560560366426360266811024053965134603665411157713220997
-2.9805040415357284793324525165734862850497439491823627101038240864333003
-2.0050645040846691240832582894703874165099639927385069145557710447183994
1.0140923928935458665523674614626563174136724903122966828467822041165001e-02
